# Results Generated from
# ESATAN-TMS 2022, run date 10:26 Mon 31 Mar 2025
# Model name: PoCat3        Analysis case: NoBoundaries
    $REAL
      ORBTIM(16) = # orbit times
       0.000000, 510.249908, 1020.499815, 1530.749723, 1788.804143,
       1796.599628, 2040.999631, 2551.249539, 3061.499446, 3571.749354,
       3877.340106, 3885.135590, 4081.999262, 4592.249170, 5102.499077,
       5612.748985;
#
      ORBECL(16) = # eclipse flags
       0.000000, 0.000000, 0.000000, 0.000000, 0.000000,
       1.000000, 1.000000, 1.000000, 1.000000, 1.000000,
       1.000000, 0.000000, 0.000000, 0.000000, 0.000000,
       0.000000;
#
      SU142(16) = # SOLAR absorbed
       0.074380, 0.000000, 0.000000, 0.000000, 0.000000,
       0.000000, 0.000000, 0.000000, 0.000000, 0.000000,
       0.000000, 0.000030, 0.000014, 0.000000, 0.000000,
       0.074380;
#
      SU143(16) = # SOLAR absorbed
       0.074372, 0.000000, 0.000000, 0.000000, 0.000000,
       0.000000, 0.000000, 0.000000, 0.000000, 0.000000,
       0.000000, 0.000030, 0.000014, 0.000000, 0.000000,
       0.074372;
#
      SU144(16) = # SOLAR absorbed
       0.074377, 0.000000, 0.000000, 4.702142E-07, 7.818498E-07,
       0.000000, 0.000000, 0.000000, 0.000000, 0.000000,
       0.000000, 0.000000, 0.000000, 0.000000, 0.000000,
       0.074377;
#
      SU145(16) = # SOLAR absorbed
       0.074389, 0.000000, 0.000000, 0.000000, 0.000000,
       0.000000, 0.000000, 0.000000, 0.000000, 0.000000,
       0.000000, 0.000030, 0.000014, 0.000000, 0.000000,
       0.074389;
#
      SU146(16) = # SOLAR absorbed
       0.074383, 0.000000, 0.000000, 9.404283E-07, 1.563700E-06,
       0.000000, 0.000000, 0.000000, 0.000000, 0.000000,
       0.000000, 0.000000, 0.000000, 0.000000, 0.000000,
       0.074383;
#
      SU147(16) = # SOLAR absorbed
       0.074382, 0.000000, 0.000000, 9.404283E-07, 1.563700E-06,
       0.000000, 0.000000, 0.000000, 0.000000, 0.000000,
       0.000000, 0.000030, 0.000014, 0.000000, 0.000000,
       0.074382;
#
      SU148(16) = # SOLAR absorbed
       0.038350, 0.000000, 0.000000, 0.000000, 0.000000,
       0.000000, 0.000000, 0.000000, 0.000000, 0.000000,
       0.000000, 0.000152, 0.000070, 0.000000, 0.000000,
       0.038350;
#
      SU149(16) = # SOLAR absorbed
       0.039521, 0.000000, 0.000000, 0.000000, 0.000000,
       0.000000, 0.000000, 0.000000, 0.000000, 0.000000,
       0.000000, 0.000000, 0.000000, 0.000000, 0.000000,
       0.039521;
#
      SU150(16) = # SOLAR absorbed
       0.039702, 0.000000, 0.000000, 8.652239E-06, 0.000030,
       0.000000, 0.000000, 0.000000, 0.000000, 0.000000,
       0.000000, 0.000000, 0.000000, 0.000000, 0.000000,
       0.039702;
#
      SU160(16) = # SOLAR absorbed
       0.000154, 0.000000, 0.000000, 0.000000, 0.000000,
       0.000000, 0.000000, 0.000000, 0.000000, 0.000000,
       0.000000, 0.000000, 0.000000, 0.000000, 0.000000,
       0.000154;
#
      SU161(16) = # SOLAR absorbed
       0.000142, 0.000000, 0.000000, 0.000000, 0.000000,
       0.000000, 0.000000, 0.000000, 0.000000, 0.000000,
       0.000000, 0.000000, 0.000000, 0.000000, 0.000000,
       0.000142;
#
      SU162(16) = # SOLAR absorbed
       0.000131, 0.000000, 0.000000, 0.000000, 0.000000,
       0.000000, 0.000000, 0.000000, 0.000000, 0.000000,
       0.000000, 0.000000, 0.000000, 0.000000, 0.000000,
       0.000131;
#
      SU163(16) = # SOLAR absorbed
       2.254084E-06, 0.000000, 0.000000, 0.000000, 0.000000,
       0.000000, 0.000000, 0.000000, 0.000000, 0.000000,
       0.000000, 0.000000, 0.000000, 0.000000, 0.000000,
       2.254084E-06;
#
      SU164(16) = # SOLAR absorbed
       1.440025E-06, 0.000000, 0.000000, 0.000000, 0.000000,
       0.000000, 0.000000, 0.000000, 0.000000, 0.000000,
       0.000000, 0.000000, 0.000000, 0.000000, 0.000000,
       1.440025E-06;
#
      SU165(16) = # SOLAR absorbed
       0.000011, 0.000000, 0.000000, 0.000000, 0.000000,
       0.000000, 0.000000, 0.000000, 0.000000, 0.000000,
       0.000000, 0.000000, 0.000000, 0.000000, 0.000000,
       0.000011;
#
      SU166(16) = # SOLAR absorbed
       0.000648, 0.000000, 0.000000, 0.000000, 0.000000,
       0.000000, 0.000000, 0.000000, 0.000000, 0.000000,
       0.000000, 0.000000, 0.000000, 0.000000, 0.000000,
       0.000648;
#
      SU167(16) = # SOLAR absorbed
       0.000741, 0.000000, 0.000000, 0.000000, 0.000000,
       0.000000, 0.000000, 0.000000, 0.000000, 0.000000,
       0.000000, 0.000030, 0.000014, 0.000000, 0.000000,
       0.000741;
#
      SU168(16) = # SOLAR absorbed
       0.000290, 0.000000, 0.000000, 0.000000, 0.000000,
       0.000000, 0.000000, 0.000000, 0.000000, 0.000000,
       0.000000, 0.000000, 0.000000, 0.000000, 0.000000,
       0.000290;
#
      SU169(16) = # SOLAR absorbed
       0.000887, 0.000000, 0.000000, 0.000000, 0.000000,
       0.000000, 0.000000, 0.000000, 0.000000, 0.000000,
       0.000000, 0.000000, 0.000000, 0.000000, 0.000000,
       0.000887;
#
      SU170(16) = # SOLAR absorbed
       0.000870, 0.000000, 0.000000, 8.332958E-06, 0.000030,
       0.000000, 0.000000, 0.000000, 0.000000, 0.000000,
       0.000000, 0.000000, 0.000000, 0.000000, 0.000000,
       0.000870;
#
      SU171(16) = # SOLAR absorbed
       0.000449, 0.000000, 0.000000, 4.702142E-07, 7.818498E-07,
       0.000000, 0.000000, 0.000000, 0.000000, 0.000000,
       0.000000, 0.000000, 0.000000, 0.000000, 0.000000,
       0.000449;
#
      SU181(16) = # SOLAR absorbed
       0.167220, 0.143774, 0.074673, 0.000000, 0.000000,
       0.000000, 0.000000, 0.000000, 0.000000, 0.000000,
       0.000000, 5.882766E-07, 3.671651E-07, 0.064248, 0.137574,
       0.167220;
#
      SU182(16) = # SOLAR absorbed
       0.167229, 0.143790, 0.074683, 1.525270E-06, 4.456898E-07,
       0.000000, 0.000000, 0.000000, 0.000000, 0.000000,
       0.000000, 8.340319E-07, 5.205500E-07, 0.064252, 0.137579,
       0.167229;
#
      SU183(16) = # SOLAR absorbed
       0.167258, 0.143862, 0.074778, 0.000029, 7.624332E-06,
       0.000000, 0.000000, 0.000000, 0.000000, 0.000000,
       0.000000, 6.672256E-07, 4.684950E-07, 0.064327, 0.137612,
       0.167258;
#
      SU184(16) = # SOLAR absorbed
       0.167221, 0.143775, 0.074675, 2.033693E-06, 8.913795E-07,
       0.000000, 0.000000, 0.000000, 0.000000, 0.000000,
       0.000000, 5.838224E-07, 4.164400E-07, 0.064249, 0.137575,
       0.167221;
#
      SU185(16) = # SOLAR absorbed
       0.167232, 0.143787, 0.074686, 3.558963E-06, 8.913795E-07,
       0.000000, 0.000000, 0.000000, 0.000000, 0.000000,
       0.000000, 2.251886E-06, 1.457540E-06, 0.064257, 0.137581,
       0.167232;
#
      SU186(16) = # SOLAR absorbed
       0.167248, 0.143800, 0.074718, 0.000022, 4.931974E-06,
       0.000000, 0.000000, 0.000000, 0.000000, 0.000000,
       0.000000, 2.418693E-06, 1.842430E-06, 0.064289, 0.137597,
       0.167248;
#
      SU187(16) = # SOLAR absorbed
       0.167219, 0.143772, 0.074674, 1.138439E-06, 4.456898E-07,
       0.000000, 0.000000, 0.000000, 0.000000, 0.000000,
       0.000000, 1.584661E-06, 1.113660E-06, 0.064249, 0.137574,
       0.167219;
#
      SU188(16) = # SOLAR absorbed
       0.167229, 0.143787, 0.074684, 2.542117E-06, 0.000000,
       0.000000, 0.000000, 0.000000, 0.000000, 0.000000,
       0.000000, 5.592468E-06, 3.594575E-06, 0.064254, 0.137579,
       0.167229;
#
      SU189(16) = # SOLAR absorbed
       0.167269, 0.143831, 0.074705, 7.720548E-06, 2.674139E-06,
       0.000000, 0.000000, 0.000000, 0.000000, 0.000000,
       0.000000, 0.000018, 0.000012, 0.058689, 0.137588,
       0.167269;
#
      SU190(16) = # SOLAR absorbed
       0.005128, 0.004802, 0.001935, 0.000000, 0.000000,
       0.000000, 0.000000, 0.000000, 0.000000, 0.000000,
       0.000000, 0.000000, 0.000000, 0.000236, 0.001401,
       0.005128;
#
      SU191(16) = # SOLAR absorbed
       0.003340, 0.001443, 0.000104, 0.000000, 0.000000,
       0.000000, 0.000000, 0.000000, 0.000000, 0.000000,
       0.000000, 0.000000, 0.000000, 0.000073, 0.001146,
       0.003340;
#
      SU192(16) = # SOLAR absorbed
       0.005415, 0.001927, 0.000430, 5.271785E-06, 1.169787E-06,
       0.000000, 0.000000, 0.000000, 0.000000, 0.000000,
       0.000000, 0.000000, 0.000000, 0.001750, 0.004259,
       0.005415;
#
      SU193(16) = # SOLAR absorbed
       0.001511, 0.002824, 0.001467, 0.000000, 0.000000,
       0.000000, 0.000000, 0.000000, 0.000000, 0.000000,
       0.000000, 0.000000, 0.000000, 0.000165, 0.000353,
       0.001511;
#
      SU194(16) = # SOLAR absorbed
       0.000021, 0.000018, 9.928331E-06, 0.000000, 0.000000,
       0.000000, 0.000000, 0.000000, 0.000000, 0.000000,
       0.000000, 0.000000, 0.000000, 8.552400E-06, 0.000017,
       0.000021;
#
      SU195(16) = # SOLAR absorbed
       0.002307, 0.000599, 0.000318, 3.614742E-06, 1.920725E-06,
       0.000000, 0.000000, 0.000000, 0.000000, 0.000000,
       0.000000, 7.296854E-08, 1.760221E-07, 0.001558, 0.003554,
       0.002307;
#
      SU196(16) = # SOLAR absorbed
       0.002432, 0.005290, 0.005614, 0.000000, 0.000000,
       0.000000, 0.000000, 0.000000, 0.000000, 0.000000,
       0.000000, 1.459371E-07, 1.366270E-07, 0.004419, 0.002781,
       0.002432;
#
      SU197(16) = # SOLAR absorbed
       0.001060, 0.002179, 0.004480, 0.000000, 0.000000,
       0.000000, 0.000000, 0.000000, 0.000000, 0.000000,
       0.000000, 1.010736E-06, 6.308373E-07, 0.004498, 0.002332,
       0.001060;
#
      SU198(16) = # SOLAR absorbed
       0.003063, 0.002785, 0.004962, 9.445338E-07, 3.899291E-07,
       0.000000, 0.000000, 0.000000, 0.000000, 0.000000,
       0.000000, 3.228396E-06, 2.379299E-06, 0.004719, 0.005904,
       0.003063;
#
      SU199(16) = # SOLAR absorbed
       0.003985, 0.001721, 0.000266, 0.000000, 0.000000,
       0.000000, 0.000000, 0.000000, 0.000000, 0.000000,
       0.000000, 0.000000, 0.000000, 0.000155, 0.001583,
       0.003985;
#
      SU200(16) = # SOLAR absorbed
       0.003622, 0.001391, 0.000361, 0.000000, 0.000000,
       0.000000, 0.000000, 0.000000, 0.000000, 0.000000,
       0.000000, 0.000000, 0.000000, 0.000244, 0.001251,
       0.003622;
#
      SU201(16) = # SOLAR absorbed
       0.003416, 0.001257, 0.000267, 0.000000, 0.000000,
       0.000000, 0.000000, 0.000000, 0.000000, 0.000000,
       0.000000, 0.000000, 0.000000, 0.000203, 0.001158,
       0.003416;
#
      SU202(16) = # SOLAR absorbed
       0.001538, 0.002210, 0.004982, 0.000000, 0.000000,
       0.000000, 0.000000, 0.000000, 0.000000, 0.000000,
       0.000000, 2.343630E-07, 1.462745E-07, 0.004979, 0.002470,
       0.001538;
#
      SU203(16) = # SOLAR absorbed
       0.001197, 0.001818, 0.004781, 0.000000, 0.000000,
       0.000000, 0.000000, 0.000000, 0.000000, 0.000000,
       0.000000, 5.048734E-07, 4.192201E-07, 0.004806, 0.002095,
       0.001197;
#
      SU204(16) = # SOLAR absorbed
       0.001336, 0.002012, 0.004880, 4.960714E-08, 1.771657E-07,
       0.000000, 0.000000, 0.000000, 0.000000, 0.000000,
       0.000000, 3.275877E-06, 2.443585E-06, 0.004835, 0.002191,
       0.001336;
#
      SU205(16) = # SOLAR absorbed
       0.001235, 0.003487, 0.001808, 0.000000, 0.000000,
       0.000000, 0.000000, 0.000000, 0.000000, 0.000000,
       0.000000, 0.000000, 0.000000, 0.000281, 0.000665,
       0.001235;
#
      SU206(16) = # SOLAR absorbed
       0.001422, 0.003650, 0.001892, 0.000000, 0.000000,
       0.000000, 0.000000, 0.000000, 0.000000, 0.000000,
       0.000000, 0.000000, 0.000000, 0.000376, 0.000838,
       0.001422;
#
      SU207(16) = # SOLAR absorbed
       0.001310, 0.003554, 0.001843, 0.000000, 0.000000,
       0.000000, 0.000000, 0.000000, 0.000000, 0.000000,
       0.000000, 0.000000, 0.000000, 0.000244, 0.000587,
       0.001310;
#
      SU208(16) = # SOLAR absorbed
       0.001507, 0.000828, 0.000444, 4.747439E-06, 7.220174E-07,
       0.000000, 0.000000, 0.000000, 0.000000, 0.000000,
       0.000000, 0.000000, 0.000000, 0.001803, 0.003634,
       0.001507;
#
      SU209(16) = # SOLAR absorbed
       0.001823, 0.001030, 0.000551, 3.465012E-06, 1.337069E-06,
       0.000000, 0.000000, 0.000000, 0.000000, 0.000000,
       0.000000, 1.509598E-07, 9.421955E-08, 0.001843, 0.003877,
       0.001823;
#
      SU210(16) = # SOLAR absorbed
       0.001616, 0.000848, 0.000434, 1.016847E-06, 8.913795E-07,
       0.000000, 0.000000, 0.000000, 0.000000, 0.000000,
       0.000000, 7.347821E-07, 6.709947E-07, 0.000055, 0.003700,
       0.001616;
#
      SU220(16) = # SOLAR absorbed
       0.001203, 0.111408, 0.046654, 0.000033, 0.000061,
       0.000000, 0.000000, 0.000000, 0.000000, 0.000000,
       0.000000, 0.057122, 0.035609, 1.176321E-06, 0.000000,
       0.001203;
#
      SU221(16) = # SOLAR absorbed
       0.001216, 0.111380, 0.040620, 0.000038, 0.000089,
       0.000000, 0.000000, 0.000000, 0.000000, 0.000000,
       0.000000, 0.057116, 0.035594, 0.000000, 0.000000,
       0.001216;
#
      SU222(16) = # SOLAR absorbed
       0.000776, 0.111325, 0.042607, 0.000037, 0.000078,
       0.000000, 0.000000, 0.000000, 0.000000, 0.000000,
       0.000000, 0.057167, 0.035618, 0.000000, 0.000000,
       0.000776;
#
      SU223(16) = # SOLAR absorbed
       0.002020, 0.111776, 0.051353, 0.000202, 0.000317,
       0.000000, 0.000000, 0.000000, 0.000000, 0.000000,
       0.000000, 0.041045, 0.025295, 0.000000, 0.000000,
       0.002020;
#
      SU224(16) = # SOLAR absorbed
       0.001418, 0.111369, 0.057686, 0.000127, 0.000127,
       0.000000, 0.000000, 0.000000, 0.000000, 0.000000,
       0.000000, 0.050834, 0.025550, 0.000000, 0.000000,
       0.001418;
#
      SU225(16) = # SOLAR absorbed
       0.000993, 0.111345, 0.057681, 0.000071, 0.000179,
       0.000000, 0.000000, 0.000000, 0.000000, 0.000000,
       0.000000, 0.057939, 0.025376, 0.000000, 0.000000,
       0.000993;
#
      SU226(16) = # SOLAR absorbed
       0.001014, 0.056657, 0.033269, 0.001160, 0.001594,
       0.000000, 0.000000, 0.000000, 0.000000, 0.000000,
       0.000000, 0.064918, 0.039300, 1.732400E-06, 0.000000,
       0.001014;
#
      SU227(16) = # SOLAR absorbed
       0.001258, 0.056540, 0.029152, 0.000389, 0.000351,
       0.000000, 0.000000, 0.000000, 0.000000, 0.000000,
       0.000000, 0.055254, 0.039192, 0.000000, 0.000000,
       0.001258;
#
      SU228(16) = # SOLAR absorbed
       0.000975, 0.055699, 0.028754, 0.000048, 0.000098,
       0.000000, 0.000000, 0.000000, 0.000000, 0.000000,
       0.000000, 0.046967, 0.038882, 0.000000, 0.000000,
       0.000975;
#
      SU238(16) = # SOLAR absorbed
       7.152786E-06, 0.000357, 0.000189, 0.000000, 0.000000,
       0.000000, 0.000000, 0.000000, 0.000000, 0.000000,
       0.000000, 0.001899, 0.000938, 0.000000, 0.000000,
       7.152786E-06;
#
      SU239(16) = # SOLAR absorbed
       0.000000, 0.000409, 0.000212, 0.000000, 0.000000,
       0.000000, 0.000000, 0.000000, 0.000000, 0.000000,
       0.000000, 0.001944, 0.000966, 0.000000, 0.000000,
       0.000000;
#
      SU240(16) = # SOLAR absorbed
       0.000000, 0.000275, 0.000096, 0.000000, 0.000000,
       0.000000, 0.000000, 0.000000, 0.000000, 0.000000,
       0.000000, 0.001921, 0.000951, 0.000000, 0.000000,
       0.000000;
#
      SU241(16) = # SOLAR absorbed
       6.437507E-06, 0.000028, 0.000029, 9.614382E-06, 0.000000,
       0.000000, 0.000000, 0.000000, 0.000000, 0.000000,
       0.000000, 0.001137, 0.000614, 0.000000, 0.000000,
       6.437507E-06;
#
      SU242(16) = # SOLAR absorbed
       7.152786E-06, 7.205217E-06, 5.347451E-06, 0.000012, 0.000000,
       0.000000, 0.000000, 0.000000, 0.000000, 0.000000,
       0.000000, 0.001056, 0.000568, 0.000000, 0.000000,
       7.152786E-06;
#
      SU243(16) = # SOLAR absorbed
       0.000014, 0.000025, 9.144202E-06, 0.000000, 0.000000,
       0.000000, 0.000000, 0.000000, 0.000000, 0.000000,
       0.000000, 0.000977, 0.000542, 0.000000, 0.000000,
       0.000014;
#
      SU244(16) = # SOLAR absorbed
       0.000023, 0.001676, 0.004818, 0.000000, 0.000000,
       0.000000, 0.000000, 0.000000, 0.000000, 0.000000,
       0.000000, 0.004968, 0.005189, 0.000000, 0.000000,
       0.000023;
#
      SU245(16) = # SOLAR absorbed
       0.000034, 0.001700, 0.003411, 8.610120E-06, 0.000016,
       0.000000, 0.000000, 0.000000, 0.000000, 0.000000,
       0.000000, 0.003513, 0.003625, 0.000000, 0.000000,
       0.000034;
#
      SU246(16) = # SOLAR absorbed
       0.000016, 0.000748, 0.003482, 0.000017, 0.000030,
       0.000000, 0.000000, 0.000000, 0.000000, 0.000000,
       0.000000, 0.005029, 0.005216, 0.000000, 0.000000,
       0.000016;
#
      SU247(16) = # SOLAR absorbed
       0.000000, 0.001092, 0.000147, 0.000000, 0.000000,
       0.000000, 0.000000, 0.000000, 0.000000, 0.000000,
       0.000000, 0.000159, 0.000057, 0.000000, 0.000000,
       0.000000;
#
      SU248(16) = # SOLAR absorbed
       0.000000, 0.001048, 0.000119, 0.000000, 0.000000,
       0.000000, 0.000000, 0.000000, 0.000000, 0.000000,
       0.000000, 0.000138, 0.000042, 0.000000, 0.000000,
       0.000000;
#
      SU249(16) = # SOLAR absorbed
       0.000000, 0.000428, 0.000033, 0.000000, 0.000000,
       0.000000, 0.000000, 0.000000, 0.000000, 0.000000,
       0.000000, 0.000318, 0.000157, 0.000000, 0.000000,
       0.000000;
#
      SU259(16) = # SOLAR absorbed
       0.000000, 0.022904, 0.157081, 0.177009, 0.155235,
       0.000000, 0.000000, 0.000000, 0.000000, 0.000000,
       0.000000, 0.161820, 0.177378, 0.161382, 0.035362,
       0.000000;
#
      SU260(16) = # SOLAR absorbed
       0.000000, 0.022904, 0.157071, 0.177050, 0.155316,
       0.000000, 0.000000, 0.000000, 0.000000, 0.000000,
       0.000000, 0.161903, 0.177429, 0.161371, 0.035362,
       0.000000;
#
      SU261(16) = # SOLAR absorbed
       0.000000, 0.022904, 0.157079, 0.176998, 0.155203,
       0.000000, 0.000000, 0.000000, 0.000000, 0.000000,
       0.000000, 0.161790, 0.177361, 0.161380, 0.035362,
       0.000000;
#
      SU262(16) = # SOLAR absorbed
       0.000000, 0.009255, 0.157173, 0.177343, 0.155890,
       0.000000, 0.000000, 0.000000, 0.000000, 0.000000,
       0.000000, 0.162479, 0.177793, 0.161499, 0.035365,
       0.000000;
#
      SU263(16) = # SOLAR absorbed
       0.000000, 0.009313, 0.157171, 0.177345, 0.155772,
       0.000000, 0.000000, 0.000000, 0.000000, 0.000000,
       0.000000, 0.162370, 0.177777, 0.161502, 0.035366,
       0.000000;
#
      SU264(16) = # SOLAR absorbed
       0.000000, 0.009548, 0.157163, 0.177237, 0.155575,
       0.000000, 0.000000, 0.000000, 0.000000, 0.000000,
       0.000000, 0.162168, 0.177641, 0.161476, 0.035365,
       0.000000;
#
      SU265(16) = # SOLAR absorbed
       0.000000, 8.701532E-06, 0.157780, 0.179741, 0.160244,
       0.000000, 0.000000, 0.000000, 0.000000, 0.000000,
       0.000000, 0.166892, 0.180694, 0.162254, 0.002443,
       0.000000;
#
      SU266(16) = # SOLAR absorbed
       0.000000, 7.580198E-06, 0.157496, 0.179265, 0.159744,
       0.000000, 0.000000, 0.000000, 0.000000, 0.000000,
       0.000000, 0.166377, 0.180209, 0.161923, 0.002525,
       0.000000;
#
      SU267(16) = # SOLAR absorbed
       0.000000, 0.000029, 0.157797, 0.179850, 0.160255,
       0.000000, 0.000000, 0.000000, 0.000000, 0.000000,
       0.000000, 0.166916, 0.180807, 0.162293, 0.002518,
       0.000000;
#
      SU277(16) = # SOLAR absorbed
       0.000000, 7.286010E-06, 0.000917, 0.001785, 0.002669,
       0.000000, 0.000000, 0.000000, 0.000000, 0.000000,
       0.000000, 0.002720, 0.002044, 0.000995, 0.000034,
       0.000000;
#
      SU278(16) = # SOLAR absorbed
       0.000000, 0.000018, 0.000751, 0.001713, 0.002606,
       0.000000, 0.000000, 0.000000, 0.000000, 0.000000,
       0.000000, 0.002654, 0.001972, 0.000851, 0.000048,
       0.000000;
#
      SU279(16) = # SOLAR absorbed
       0.000000, 0.000015, 0.000850, 0.001607, 0.002512,
       0.000000, 0.000000, 0.000000, 0.000000, 0.000000,
       0.000000, 0.002557, 0.001865, 0.000925, 0.000042,
       0.000000;
#
      SU280(16) = # SOLAR absorbed
       0.000000, 1.669711E-07, 0.001971, 0.002014, 0.002135,
       0.000000, 0.000000, 0.000000, 0.000000, 0.000000,
       0.000000, 0.002173, 0.002164, 0.002412, 7.733545E-07,
       0.000000;
#
      SU281(16) = # SOLAR absorbed
       0.000000, 1.475417E-06, 0.001841, 0.001674, 0.001862,
       0.000000, 0.000000, 0.000000, 0.000000, 0.000000,
       0.000000, 0.001911, 0.001759, 0.002155, 2.535665E-06,
       0.000000;
#
      SU282(16) = # SOLAR absorbed
       0.000000, 1.793406E-06, 0.001977, 0.002092, 0.002138,
       0.000000, 0.000000, 0.000000, 0.000000, 0.000000,
       0.000000, 0.002197, 0.002170, 0.002440, 3.026604E-06,
       0.000000;
#
      SU283(16) = # SOLAR absorbed
       0.000000, 0.000014, 0.001175, 0.002959, 0.003537,
       0.000000, 0.000000, 0.000000, 0.000000, 0.000000,
       0.000000, 0.001222, 0.001678, 0.003200, 0.003520,
       0.000000;
#
      SU284(16) = # SOLAR absorbed
       0.000000, 4.575888E-06, 0.001269, 0.003074, 0.003660,
       0.000000, 0.000000, 0.000000, 0.000000, 0.000000,
       0.000000, 0.001400, 0.001799, 0.003286, 0.003525,
       0.000000;
#
      SU285(16) = # SOLAR absorbed
       0.000000, 0.000000, 0.001022, 0.002792, 0.003435,
       0.000000, 0.000000, 0.000000, 0.000000, 0.000000,
       0.000000, 0.001203, 0.001464, 0.002986, 0.000089,
       0.000000;
#
      SU286(16) = # SOLAR absorbed
       0.000000, 0.003277, 0.003172, 0.001677, 0.001295,
       0.000000, 0.000000, 0.000000, 0.000000, 0.000000,
       0.000000, 0.003224, 0.002783, 0.001406, 0.000056,
       0.000000;
#
      SU287(16) = # SOLAR absorbed
       0.000000, 0.001976, 0.003182, 0.001550, 0.001110,
       0.000000, 0.000000, 0.000000, 0.000000, 0.000000,
       0.000000, 0.003261, 0.002813, 0.001173, 0.000043,
       0.000000;
#
      SU288(16) = # SOLAR absorbed
       0.000000, 8.107411E-07, 0.003216, 0.001703, 0.001200,
       0.000000, 0.000000, 0.000000, 0.000000, 0.000000,
       0.000000, 0.003397, 0.002933, 0.001295, 0.000000,
       0.000000;
#
      SU298(16) = # SOLAR absorbed
       0.002807, 0.000000, 1.686231E-06, 0.043919, 0.073208,
       0.000000, 0.000000, 0.000000, 0.000000, 0.000000,
       0.000000, 1.736157E-06, 0.000019, 0.058299, 0.115712,
       0.002807;
#
      SU299(16) = # SOLAR absorbed
       1.498978E-07, 0.000000, 0.000000, 0.043966, 0.073386,
       0.000000, 0.000000, 0.000000, 0.000000, 0.000000,
       0.000000, 0.000211, 0.000146, 0.058298, 0.115719,
       1.498978E-07;
#
      SU300(16) = # SOLAR absorbed
       6.559968E-07, 0.000000, 3.372461E-06, 0.043935, 0.073250,
       0.000000, 0.000000, 0.000000, 0.000000, 0.000000,
       0.000000, 0.000187, 0.000104, 0.058313, 0.115726,
       6.559968E-07;
#
      SU301(16) = # SOLAR absorbed
       0.000039, 0.000000, 0.000000, 0.044173, 0.073975,
       0.000000, 0.000000, 0.000000, 0.000000, 0.000000,
       0.000000, 0.000037, 0.000117, 0.058344, 0.115784,
       0.000039;
#
      SU302(16) = # SOLAR absorbed
       5.205957E-07, 0.000000, 0.000000, 0.044136, 0.073871,
       0.000000, 0.000000, 0.000000, 0.000000, 0.000000,
       0.000000, 0.000199, 0.000191, 0.058348, 0.115795,
       5.205957E-07;
#
      SU303(16) = # SOLAR absorbed
       6.867526E-07, 0.000000, 5.058692E-06, 0.044296, 0.074453,
       0.000000, 0.000000, 0.000000, 0.000000, 0.000000,
       0.000000, 0.000425, 0.000444, 0.058344, 0.115777,
       6.867526E-07;
#
      SU304(16) = # SOLAR absorbed
       9.368422E-06, 0.000000, 0.000000, 0.046381, 0.080765,
       0.000000, 0.000000, 0.000000, 0.000000, 0.000000,
       0.000000, 0.000056, 0.000244, 0.034856, 0.064042,
       9.368422E-06;
#
      SU305(16) = # SOLAR absorbed
       4.231068E-06, 0.000000, 0.000010, 0.046229, 0.080385,
       0.000000, 0.000000, 0.000000, 0.000000, 0.000000,
       0.000000, 0.000367, 0.000989, 0.035289, 0.064855,
       4.231068E-06;
#
      SU306(16) = # SOLAR absorbed
       7.058532E-06, 0.000000, 1.686231E-06, 0.046511, 0.081152,
       0.000000, 0.000000, 0.000000, 0.000000, 0.000000,
       0.000000, 0.002706, 0.002248, 0.037803, 0.065341,
       7.058532E-06;
#
      SU316(16) = # SOLAR absorbed
       1.324925E-06, 0.000000, 0.000000, 0.000784, 0.002086,
       0.000000, 0.000000, 0.000000, 0.000000, 0.000000,
       0.000000, 0.000000, 0.000000, 0.000205, 0.000360,
       1.324925E-06;
#
      SU317(16) = # SOLAR absorbed
       0.000000, 0.000000, 0.000000, 0.000773, 0.002068,
       0.000000, 0.000000, 0.000000, 0.000000, 0.000000,
       0.000000, 0.000000, 0.000000, 0.000214, 0.000407,
       0.000000;
#
      SU318(16) = # SOLAR absorbed
       0.000000, 0.000000, 0.000000, 0.000728, 0.001993,
       0.000000, 0.000000, 0.000000, 0.000000, 0.000000,
       0.000000, 0.000000, 0.000000, 0.000163, 0.000277,
       0.000000;
#
      SU319(16) = # SOLAR absorbed
       1.788648E-07, 0.000000, 0.000000, 0.000608, 0.001297,
       0.000000, 0.000000, 0.000000, 0.000000, 0.000000,
       0.000000, 0.000000, 6.751335E-06, 8.139917E-06, 0.000016,
       1.788648E-07;
#
      SU320(16) = # SOLAR absorbed
       1.363978E-07, 0.000000, 0.000000, 0.000601, 0.001291,
       0.000000, 0.000000, 0.000000, 0.000000, 0.000000,
       0.000000, 1.335074E-06, 0.000016, 3.890379E-06, 6.774196E-06,
       1.363978E-07;
#
      SU321(16) = # SOLAR absorbed
       0.000000, 0.000000, 0.000000, 0.000577, 0.001233,
       0.000000, 0.000000, 0.000000, 0.000000, 0.000000,
       0.000000, 0.000090, 0.000111, 0.000013, 0.000010,
       0.000000;
#
      SU322(16) = # SOLAR absorbed
       0.002115, 0.000000, 0.000000, 0.000060, 0.000174,
       0.000000, 0.000000, 0.000000, 0.000000, 0.000000,
       0.000000, 0.000000, 0.000000, 0.000102, 0.001032,
       0.002115;
#
      SU323(16) = # SOLAR absorbed
       0.000278, 0.000000, 0.000000, 0.000088, 0.000278,
       0.000000, 0.000000, 0.000000, 0.000000, 0.000000,
       0.000000, 0.000000, 0.000000, 0.000156, 0.000957,
       0.000278;
#
      SU324(16) = # SOLAR absorbed
       1.656156E-09, 0.000000, 0.000000, 0.000116, 0.000360,
       0.000000, 0.000000, 0.000000, 0.000000, 0.000000,
       0.000000, 0.000000, 0.000000, 0.000051, 0.000453,
       1.656156E-09;
#
      SU325(16) = # SOLAR absorbed
       0.000000, 0.000000, 0.000000, 0.005271, 0.004956,
       0.000000, 0.000000, 0.000000, 0.000000, 0.000000,
       0.000000, 0.000000, 0.000000, 0.004984, 0.002094,
       0.000000;
#
      SU326(16) = # SOLAR absorbed
       0.000000, 0.000000, 7.947436E-10, 0.005276, 0.004975,
       0.000000, 0.000000, 0.000000, 0.000000, 0.000000,
       0.000000, 0.000037, 0.000021, 0.004977, 0.002066,
       0.000000;
#
      SU327(16) = # SOLAR absorbed
       0.000000, 0.000000, 3.495387E-06, 0.005287, 0.005069,
       0.000000, 0.000000, 0.000000, 0.000000, 0.000000,
       0.000000, 0.000122, 0.000078, 0.003749, 0.000998,
       0.000000;
#
      SU329(16) = # SOLAR absorbed
       0.027980, 0.041292, 0.027962, 0.006183, 0.001139,
       0.000000, 0.000000, 0.000000, 0.000000, 0.000000,
       0.000000, 0.001397, 0.005087, 0.025232, 0.040108,
       0.027980;
#
      SU330(16) = # SOLAR absorbed
       0.000033, 0.000573, 0.005111, 0.023789, 0.047441,
       0.000000, 0.000000, 0.000000, 0.000000, 0.000000,
       0.000000, 0.048032, 0.029821, 0.006202, 0.000779,
       0.000033;
#
      SU332(16) = # SOLAR absorbed
       0.000000, 0.003339, 0.022895, 0.025796, 0.022613,
       0.000000, 0.000000, 0.000000, 0.000000, 0.000000,
       0.000000, 0.023573, 0.025848, 0.023522, 0.005155,
       0.000000;
#
      SU333(16) = # SOLAR absorbed
       3.687503E-06, 0.003293, 0.001706, 0.000000, 0.000000,
       0.000000, 0.000000, 0.000000, 0.000000, 0.000000,
       0.000000, 0.001679, 0.001048, 0.000000, 0.000000,
       3.687503E-06;
#
      SU334(16) = # SOLAR absorbed
       0.000247, 0.000000, 0.000000, 0.001297, 0.002156,
       0.000000, 0.000000, 0.000000, 0.000000, 0.000000,
       0.000000, 0.000000, 0.000000, 0.001726, 0.003426,
       0.000247;
#
      SU336(16) = # SOLAR absorbed
       0.051152, 0.036922, 0.000189, 0.000000, 0.000000,
       0.000000, 0.000000, 0.000000, 0.000000, 0.000000,
       0.000000, 0.000000, 0.000000, 0.000184, 0.031267,
       0.051152;
#
      SU337(16) = # SOLAR absorbed
       0.000586, 0.000553, 0.000268, 0.003513, 0.010879,
       0.000000, 0.000000, 0.000000, 0.000000, 0.000000,
       0.000000, 0.009993, 0.004774, 0.000296, 0.000557,
       0.000586;
#
      SU338(16) = # SOLAR absorbed
       0.010841, 0.000000, 0.000000, 0.000000, 0.000000,
       0.000000, 0.000000, 0.000000, 0.000000, 0.000000,
       0.000000, 0.000000, 0.000000, 0.000000, 0.000000,
       0.010841;
#
      SU340(16) = # SOLAR absorbed
       5.531255E-06, 0.003293, 0.001706, 0.000000, 0.000000,
       0.000000, 0.000000, 0.000000, 0.000000, 0.000000,
       0.000000, 0.001680, 0.001049, 0.000000, 0.000000,
       5.531255E-06;
#
      SU341(16) = # SOLAR absorbed
       0.000247, 0.000000, 0.000000, 0.001297, 0.002156,
       0.000000, 0.000000, 0.000000, 0.000000, 0.000000,
       0.000000, 0.000000, 0.000000, 0.001726, 0.003426,
       0.000247;
#
      SU344(16) = # SOLAR absorbed
       0.000012, 0.000000, 0.000000, 0.008154, 0.024859,
       0.000000, 0.000000, 0.000000, 0.000000, 0.000000,
       0.000000, 0.002057, 0.002985, 0.000628, 0.001040,
       0.000012;
#
      SU348(16) = # SOLAR absorbed
       0.000607, 0.000000, 0.000000, 0.003192, 0.005308,
       0.000000, 0.000000, 0.000000, 0.000000, 0.000000,
       0.000000, 0.000000, 0.000000, 0.004248, 0.008433,
       0.000607;
#
      SU351(16) = # SOLAR absorbed
       0.000235, 0.000876, 0.000519, 0.001188, 0.000784,
       0.000000, 0.000000, 0.000000, 0.000000, 0.000000,
       0.000000, 0.023732, 0.011296, 0.000000, 0.000000,
       0.000235;
#
      SU354(16) = # SOLAR absorbed
       0.000041, 0.008110, 0.004201, 0.000000, 0.000000,
       0.000000, 0.000000, 0.000000, 0.000000, 0.000000,
       0.000000, 0.004137, 0.002582, 0.000000, 0.000000,
       0.000041;
#
      SU1281(16) = # SOLAR absorbed
       0.097220, 0.083586, 0.043413, 0.000000, 0.000000,
       0.000000, 0.000000, 0.000000, 0.000000, 0.000000,
       0.000000, 0.000000, 0.000000, 0.037353, 0.079984,
       0.097220;
#
      SU1282(16) = # SOLAR absorbed
       0.005039, 0.003949, 0.005089, 0.005621, 0.002968,
       0.000000, 0.000000, 0.000000, 0.000000, 0.000000,
       0.000000, 0.003155, 0.005033, 0.005102, 0.003382,
       0.005039;
#
      SU1283(16) = # SOLAR absorbed
       0.060340, 0.017876, 0.002789, 0.000044, 0.000015,
       0.000000, 0.000000, 0.000000, 0.000000, 0.000000,
       0.000000, 5.814486E-07, 4.594671E-07, 0.001878, 0.015604,
       0.060340;
#
      SU1284(16) = # SOLAR absorbed
       0.000814, 0.017158, 0.081380, 0.088244, 0.076921,
       0.000000, 0.000000, 0.000000, 0.000000, 0.000000,
       0.000000, 0.080190, 0.088319, 0.083111, 0.023132,
       0.000814;
#
      SU1285(16) = # SOLAR absorbed
       0.011147, 0.038058, 0.019862, 0.000080, 0.000018,
       0.000000, 0.000000, 0.000000, 0.000000, 0.000000,
       0.000000, 0.011556, 0.008584, 0.003578, 0.004527,
       0.011147;
#
      SU1286(16) = # SOLAR absorbed
       0.002666, 0.000018, 0.000066, 0.011096, 0.018024,
       0.000000, 0.000000, 0.000000, 0.000000, 0.000000,
       0.000000, 5.717449E-07, 4.875471E-06, 0.014979, 0.029758,
       0.002666;
#
      SU1288(16) = # SOLAR absorbed
       0.097220, 0.083586, 0.043413, 0.000000, 0.000000,
       0.000000, 0.000000, 0.000000, 0.000000, 0.000000,
       0.000000, 0.000000, 0.000000, 0.037353, 0.079984,
       0.097220;
#
      SU1289(16) = # SOLAR absorbed
       0.004310, 0.004001, 0.005138, 0.000287, 5.260368E-06,
       0.000000, 0.000000, 0.000000, 0.000000, 0.000000,
       0.000000, 0.000000, 0.000000, 0.005368, 0.004283,
       0.004310;
#
      SU1290(16) = # SOLAR absorbed
       0.045352, 0.005389, 0.000071, 2.649348E-09, 0.000000,
       0.000000, 0.000000, 0.000000, 0.000000, 0.000000,
       0.000000, 0.000000, 0.000000, 0.000061, 0.004493,
       0.045352;
#
      SU1291(16) = # SOLAR absorbed
       0.015699, 0.033181, 0.089114, 0.043193, 0.017602,
       0.000000, 0.000000, 0.000000, 0.000000, 0.000000,
       0.000000, 1.395675E-07, 8.710918E-08, 0.089832, 0.038830,
       0.015699;
#
      SU1292(16) = # SOLAR absorbed
       0.010720, 0.037388, 0.018979, 4.253995E-07, 3.729101E-07,
       0.000000, 0.000000, 0.000000, 0.000000, 0.000000,
       0.000000, 0.000000, 0.000000, 0.003034, 0.004286,
       0.010720;
#
      SU1293(16) = # SOLAR absorbed
       0.003043, 0.000052, 0.000071, 0.011092, 0.017964,
       0.000000, 0.000000, 0.000000, 0.000000, 0.000000,
       0.000000, 0.000000, 0.000000, 0.015121, 0.030070,
       0.003043;
#
      SU1402(16) = # SOLAR absorbed
       0.000000, 0.000000, 0.000000, 0.005797, 0.020705,
       0.000000, 0.000000, 0.000000, 0.000000, 0.000000,
       0.000000, 0.020705, 0.009423, 0.000000, 0.000000,
       0.000000;
#
      SU1403(16) = # SOLAR absorbed
       0.000000, 0.000000, 0.000000, 0.005797, 0.020705,
       0.000000, 0.000000, 0.000000, 0.000000, 0.000000,
       0.000000, 0.020705, 0.009423, 0.000000, 0.000000,
       0.000000;
#
      SU1404(16) = # SOLAR absorbed
       0.000000, 0.000000, 0.000000, 0.005797, 0.020705,
       0.000000, 0.000000, 0.000000, 0.000000, 0.000000,
       0.000000, 0.020705, 0.009423, 0.000000, 0.000000,
       0.000000;
#
      SU1405(16) = # SOLAR absorbed
       0.000000, 0.000000, 0.000000, 0.005797, 0.020705,
       0.000000, 0.000000, 0.000000, 0.000000, 0.000000,
       0.000000, 0.020705, 0.009423, 0.000000, 0.000000,
       0.000000;
#
      SU1406(16) = # SOLAR absorbed
       0.000000, 0.000000, 0.000000, 0.005797, 0.020705,
       0.000000, 0.000000, 0.000000, 0.000000, 0.000000,
       0.000000, 0.020705, 0.009423, 0.000000, 0.000000,
       0.000000;
#
      SU1407(16) = # SOLAR absorbed
       0.000000, 0.000000, 0.000000, 0.005797, 0.020705,
       0.000000, 0.000000, 0.000000, 0.000000, 0.000000,
       0.000000, 0.020705, 0.009423, 0.000000, 0.000000,
       0.000000;
#
      SU1408(16) = # SOLAR absorbed
       0.000000, 0.000000, 0.000000, 0.005797, 0.020705,
       0.000000, 0.000000, 0.000000, 0.000000, 0.000000,
       0.000000, 0.020705, 0.009423, 0.000000, 0.000000,
       0.000000;
#
      SU1409(16) = # SOLAR absorbed
       0.000000, 0.000000, 0.000000, 0.005797, 0.020705,
       0.000000, 0.000000, 0.000000, 0.000000, 0.000000,
       0.000000, 0.020705, 0.009423, 0.000000, 0.000000,
       0.000000;
#
      SU1410(16) = # SOLAR absorbed
       0.000000, 0.000000, 0.000000, 0.005797, 0.020705,
       0.000000, 0.000000, 0.000000, 0.000000, 0.000000,
       0.000000, 0.020705, 0.009423, 0.000000, 0.000000,
       0.000000;
#
      SU1411(16) = # SOLAR absorbed
       0.000000, 0.000000, 0.000000, 0.005797, 0.020705,
       0.000000, 0.000000, 0.000000, 0.000000, 0.000000,
       0.000000, 0.020705, 0.009423, 0.000000, 0.000000,
       0.000000;
#
      SU1412(16) = # SOLAR absorbed
       0.000000, 0.000000, 0.000000, 0.005797, 0.020705,
       0.000000, 0.000000, 0.000000, 0.000000, 0.000000,
       0.000000, 0.020705, 0.009423, 0.000000, 0.000000,
       0.000000;
#
      SU1413(16) = # SOLAR absorbed
       0.000000, 0.000000, 0.000000, 0.005797, 0.020705,
       0.000000, 0.000000, 0.000000, 0.000000, 0.000000,
       0.000000, 0.020705, 0.009423, 0.000000, 0.000000,
       0.000000;
#
      SU1414(16) = # SOLAR absorbed
       0.000000, 0.000000, 0.000000, 0.005797, 0.020705,
       0.000000, 0.000000, 0.000000, 0.000000, 0.000000,
       0.000000, 0.020705, 0.009423, 0.000000, 0.000000,
       0.000000;
#
      SU1415(16) = # SOLAR absorbed
       0.000000, 0.000000, 0.000000, 0.005797, 0.020705,
       0.000000, 0.000000, 0.000000, 0.000000, 0.000000,
       0.000000, 0.020705, 0.009423, 0.000000, 0.000000,
       0.000000;
#
      SU1416(16) = # SOLAR absorbed
       0.000000, 0.000000, 0.000000, 0.005797, 0.020705,
       0.000000, 0.000000, 0.000000, 0.000000, 0.000000,
       0.000000, 0.020705, 0.009423, 0.000000, 0.000000,
       0.000000;
#
      SU1417(16) = # SOLAR absorbed
       0.000000, 0.000000, 0.000000, 0.005797, 0.020705,
       0.000000, 0.000000, 0.000000, 0.000000, 0.000000,
       0.000000, 0.020705, 0.009423, 0.000000, 0.000000,
       0.000000;
#
      SU1418(16) = # SOLAR absorbed
       0.000000, 0.000000, 0.000000, 0.005797, 0.020705,
       0.000000, 0.000000, 0.000000, 0.000000, 0.000000,
       0.000000, 0.020705, 0.009423, 0.000000, 0.000000,
       0.000000;
#
      SU1419(16) = # SOLAR absorbed
       0.000000, 0.000000, 0.000000, 0.005797, 0.020705,
       0.000000, 0.000000, 0.000000, 0.000000, 0.000000,
       0.000000, 0.020705, 0.009423, 0.000000, 0.000000,
       0.000000;
#
      SU1420(16) = # SOLAR absorbed
       0.000000, 0.000000, 0.000000, 0.005797, 0.020705,
       0.000000, 0.000000, 0.000000, 0.000000, 0.000000,
       0.000000, 0.020705, 0.009423, 0.000000, 0.000000,
       0.000000;
#
      SU1421(16) = # SOLAR absorbed
       0.000000, 0.000000, 0.000000, 0.005797, 0.020705,
       0.000000, 0.000000, 0.000000, 0.000000, 0.000000,
       0.000000, 0.020705, 0.009423, 0.000000, 0.000000,
       0.000000;
#
      SU1422(16) = # SOLAR absorbed
       0.000000, 0.000000, 0.000000, 0.005797, 0.020705,
       0.000000, 0.000000, 0.000000, 0.000000, 0.000000,
       0.000000, 0.020705, 0.009423, 0.000000, 0.000000,
       0.000000;
#
      SU1423(16) = # SOLAR absorbed
       0.000000, 0.000000, 0.000000, 0.005797, 0.020705,
       0.000000, 0.000000, 0.000000, 0.000000, 0.000000,
       0.000000, 0.020705, 0.009423, 0.000000, 0.000000,
       0.000000;
#
      SU1424(16) = # SOLAR absorbed
       0.000000, 0.000000, 0.000000, 0.005797, 0.020705,
       0.000000, 0.000000, 0.000000, 0.000000, 0.000000,
       0.000000, 0.020705, 0.009423, 0.000000, 0.000000,
       0.000000;
#
      SU1425(16) = # SOLAR absorbed
       0.000000, 0.000000, 0.000000, 0.005797, 0.020705,
       0.000000, 0.000000, 0.000000, 0.000000, 0.000000,
       0.000000, 0.020705, 0.009423, 0.000000, 0.000000,
       0.000000;
#
      SU1426(16) = # SOLAR absorbed
       0.000000, 0.000000, 0.000000, 0.005797, 0.020705,
       0.000000, 0.000000, 0.000000, 0.000000, 0.000000,
       0.000000, 0.020705, 0.009423, 0.000000, 0.000000,
       0.000000;
#
      SU1427(16) = # SOLAR absorbed
       0.000000, 0.000000, 0.000000, 0.005797, 0.020705,
       0.000000, 0.000000, 0.000000, 0.000000, 0.000000,
       0.000000, 0.020705, 0.009423, 0.000000, 0.000000,
       0.000000;
#
      SU1428(16) = # SOLAR absorbed
       0.000000, 0.000000, 0.000000, 0.005797, 0.020705,
       0.000000, 0.000000, 0.000000, 0.000000, 0.000000,
       0.000000, 0.020705, 0.009423, 0.000000, 0.000000,
       0.000000;
#
      SU1429(16) = # SOLAR absorbed
       0.000000, 0.000000, 0.000000, 0.005797, 0.020705,
       0.000000, 0.000000, 0.000000, 0.000000, 0.000000,
       0.000000, 0.020705, 0.009423, 0.000000, 0.000000,
       0.000000;
#
      SU1430(16) = # SOLAR absorbed
       0.000000, 0.000000, 0.000000, 0.005797, 0.020705,
       0.000000, 0.000000, 0.000000, 0.000000, 0.000000,
       0.000000, 0.020705, 0.009423, 0.000000, 0.000000,
       0.000000;
#
      SU1431(16) = # SOLAR absorbed
       0.000000, 0.000000, 0.000000, 0.005797, 0.020705,
       0.000000, 0.000000, 0.000000, 0.000000, 0.000000,
       0.000000, 0.020705, 0.009423, 0.000000, 0.000000,
       0.000000;
#
      SU1432(16) = # SOLAR absorbed
       0.000000, 0.000000, 0.000000, 0.005797, 0.020705,
       0.000000, 0.000000, 0.000000, 0.000000, 0.000000,
       0.000000, 0.020705, 0.009423, 0.000000, 0.000000,
       0.000000;
#
      SU1433(16) = # SOLAR absorbed
       0.000000, 0.000000, 0.000000, 0.005797, 0.020705,
       0.000000, 0.000000, 0.000000, 0.000000, 0.000000,
       0.000000, 0.020705, 0.009423, 0.000000, 0.000000,
       0.000000;
#
      SU1434(16) = # SOLAR absorbed
       0.000000, 0.000000, 0.000000, 0.005797, 0.020705,
       0.000000, 0.000000, 0.000000, 0.000000, 0.000000,
       0.000000, 0.020705, 0.009423, 0.000000, 0.000000,
       0.000000;
#
      SU1435(16) = # SOLAR absorbed
       0.000000, 0.000000, 0.000000, 0.005797, 0.020705,
       0.000000, 0.000000, 0.000000, 0.000000, 0.000000,
       0.000000, 0.020705, 0.009423, 0.000000, 0.000000,
       0.000000;
#
      SU1436(16) = # SOLAR absorbed
       0.000000, 0.000000, 0.000000, 0.005797, 0.020705,
       0.000000, 0.000000, 0.000000, 0.000000, 0.000000,
       0.000000, 0.020705, 0.009423, 0.000000, 0.000000,
       0.000000;
#
      SU1437(16) = # SOLAR absorbed
       0.000000, 0.000000, 0.000000, 0.005797, 0.020705,
       0.000000, 0.000000, 0.000000, 0.000000, 0.000000,
       0.000000, 0.020705, 0.009423, 0.000000, 0.000000,
       0.000000;
#
      SU1438(16) = # SOLAR absorbed
       0.000000, 0.000000, 0.000000, 0.001705, 0.002879,
       0.000000, 0.000000, 0.000000, 0.000000, 0.000000,
       0.000000, 0.000000, 0.000000, 0.000000, 0.000000,
       0.000000;
#
      SU1439(16) = # SOLAR absorbed
       0.000000, 0.000000, 0.000000, 0.001703, 0.002868,
       0.000000, 0.000000, 0.000000, 0.000000, 0.000000,
       0.000000, 0.000000, 0.000000, 0.000000, 0.000000,
       0.000000;
#
      SU1440(16) = # SOLAR absorbed
       0.000000, 0.000000, 0.000000, 0.001702, 0.002868,
       0.000000, 0.000000, 0.000000, 0.000000, 0.000000,
       0.000000, 0.000000, 0.000000, 0.000000, 0.000000,
       0.000000;
#
      SU1441(16) = # SOLAR absorbed
       0.000000, 0.000000, 0.000000, 0.001705, 0.002877,
       0.000000, 0.000000, 0.000000, 0.000000, 0.000000,
       0.000000, 0.000000, 1.993943E-06, 1.863265E-09, 0.000000,
       0.000000;
#
      SU1442(16) = # SOLAR absorbed
       0.000000, 0.000000, 0.000000, 0.001706, 0.002882,
       0.000000, 0.000000, 0.000000, 0.000000, 0.000000,
       0.000000, 6.571688E-06, 0.000012, 2.235918E-08, 0.000000,
       0.000000;
#
      SU1443(16) = # SOLAR absorbed
       0.000000, 0.000000, 1.004183E-08, 0.001708, 0.002889,
       0.000000, 0.000000, 0.000000, 0.000000, 0.000000,
       0.000000, 0.000055, 0.000035, 0.000972, 0.000000,
       0.000000;
#
      SU1444(16) = # SOLAR absorbed
       0.000000, 0.000000, 0.000000, 0.001704, 0.002875,
       0.000000, 0.000000, 0.000000, 0.000000, 0.000000,
       0.000000, 5.433755E-06, 0.000000, 0.000000, 0.000000,
       0.000000;
#
      SU1445(16) = # SOLAR absorbed
       0.000000, 0.000000, 0.000000, 0.001709, 0.002892,
       0.000000, 0.000000, 0.000000, 0.000000, 0.000000,
       0.000000, 4.528129E-06, 0.000000, 0.000000, 0.000000,
       0.000000;
#
      SU1446(16) = # SOLAR absorbed
       0.000000, 0.000000, 0.000000, 0.001704, 0.002877,
       0.000000, 0.000000, 0.000000, 0.000000, 0.000000,
       0.000000, 9.056259E-06, 0.000000, 0.000000, 0.000000,
       0.000000;
#
      SU1447(16) = # SOLAR absorbed
       0.000000, 0.000000, 0.000000, 0.001702, 0.002868,
       0.000000, 0.000000, 0.000000, 0.000000, 0.000000,
       0.000000, 9.056259E-06, 2.406112E-06, 1.863265E-09, 0.000000,
       0.000000;
#
      SU1448(16) = # SOLAR absorbed
       0.000000, 0.000000, 0.000000, 0.001705, 0.002877,
       0.000000, 0.000000, 0.000000, 0.000000, 0.000000,
       0.000000, 0.000015, 0.000013, 0.000172, 0.000000,
       0.000000;
#
      SU1449(16) = # SOLAR absorbed
       0.000000, 0.000000, 1.004183E-08, 0.001714, 0.002912,
       0.000000, 0.000000, 0.000000, 0.000000, 0.000000,
       0.000000, 0.000079, 0.000040, 0.001772, 0.000000,
       0.000000;
#
      SU1450(16) = # SOLAR absorbed
       9.315798E-06, 0.000000, 0.000000, 0.000000, 0.000000,
       0.000000, 0.000000, 0.000000, 0.000000, 0.000000,
       0.000000, 0.002290, 0.001411, 0.000000, 0.000000,
       9.315798E-06;
#
      SU1451(16) = # SOLAR absorbed
       0.000028, 8.552873E-07, 4.430279E-07, 0.000000, 0.000000,
       0.000000, 0.000000, 0.000000, 0.000000, 0.000000,
       0.000000, 0.002270, 0.001402, 0.000000, 0.000000,
       0.000028;
#
      SU1452(16) = # SOLAR absorbed
       9.315798E-06, 0.000000, 0.000000, 2.555716E-08, 0.000000,
       0.000000, 0.000000, 0.000000, 0.000000, 0.000000,
       0.000000, 0.002285, 0.001408, 0.000000, 0.000000,
       9.315798E-06;
#
      SU1453(16) = # SOLAR absorbed
       9.315798E-06, 8.552873E-07, 4.430279E-07, 6.133718E-07, 0.000000,
       0.000000, 0.000000, 0.000000, 0.000000, 0.000000,
       0.000000, 0.002281, 0.001407, 0.000000, 0.000000,
       9.315798E-06;
#
      SU1454(16) = # SOLAR absorbed
       0.000019, 0.000000, 5.524727E-09, 6.798204E-06, 4.381161E-06,
       0.000000, 0.000000, 0.000000, 0.000000, 0.000000,
       0.000000, 0.002276, 0.001404, 0.000000, 0.000000,
       0.000019;
#
      SU1455(16) = # SOLAR absorbed
       0.000000, 0.000000, 0.000641, 0.000016, 0.000035,
       0.000000, 0.000000, 0.000000, 0.000000, 0.000000,
       0.000000, 0.002267, 0.001400, 1.031678E-08, 0.000000,
       0.000000;
#
      SU1456(16) = # SOLAR absorbed
       0.000019, 0.000000, 0.000000, 0.000000, 0.000000,
       0.000000, 0.000000, 0.000000, 0.000000, 0.000000,
       0.000000, 0.002250, 0.001392, 0.000000, 0.000000,
       0.000019;
#
      SU1457(16) = # SOLAR absorbed
       9.315798E-06, 0.000000, 0.000000, 0.000000, 0.000000,
       0.000000, 0.000000, 0.000000, 0.000000, 0.000000,
       0.000000, 0.002242, 0.001389, 0.000000, 0.000000,
       9.315798E-06;
#
      SU1458(16) = # SOLAR absorbed
       9.315798E-06, 8.552873E-07, 4.430279E-07, 0.000000, 0.000000,
       0.000000, 0.000000, 0.000000, 0.000000, 0.000000,
       0.000000, 0.002269, 0.001401, 0.000000, 0.000000,
       9.315798E-06;
#
      SU1459(16) = # SOLAR absorbed
       9.315798E-06, 0.000000, 0.000000, 2.535811E-07, 9.056333E-07,
       0.000000, 0.000000, 0.000000, 0.000000, 0.000000,
       0.000000, 0.002245, 0.001390, 0.000000, 0.000000,
       9.315798E-06;
#
      SU1460(16) = # SOLAR absorbed
       0.000028, 0.000000, 3.683152E-09, 3.832714E-06, 6.571742E-06,
       0.000000, 0.000000, 0.000000, 0.000000, 0.000000,
       0.000000, 0.002255, 0.001395, 0.000000, 0.000000,
       0.000028;
#
      SU1461(16) = # SOLAR absorbed
       0.000000, 0.000000, 0.001221, 0.000014, 0.000029,
       0.000000, 0.000000, 0.000000, 0.000000, 0.000000,
       0.000000, 0.002245, 0.001390, 1.547518E-08, 0.000000,
       0.000000;
#
      SU1462(16) = # SOLAR absorbed
       0.000000, 0.000000, 0.000000, 3.718611E-06, 0.000015,
       0.000000, 0.000000, 0.000000, 0.000000, 0.000000,
       0.000000, 0.000000, 0.000000, 0.000000, 0.000000,
       0.000000;
#
      SU1463(16) = # SOLAR absorbed
       0.000000, 0.000000, 0.000000, 0.000000, 2.190581E-06,
       0.000000, 0.000000, 0.000000, 0.000000, 0.000000,
       0.000000, 0.000000, 0.000000, 0.000000, 0.000000,
       0.000000;
#
      SU1467(16) = # SOLAR absorbed
       0.000000, 0.000000, 0.000000, 0.000000, 0.000000,
       0.000000, 0.000000, 0.000000, 0.000000, 0.000000,
       0.000000, 0.000011, 5.154212E-06, 0.000000, 0.000000,
       0.000000;
#
      SU1468(16) = # SOLAR absorbed
       0.000000, 0.000000, 0.000000, 2.709869E-06, 0.000014,
       0.000000, 0.000000, 0.000000, 0.000000, 0.000000,
       0.000000, 0.000000, 0.000000, 0.000000, 0.000000,
       0.000000;
#
      SU1470(16) = # SOLAR absorbed
       0.000000, 0.000000, 0.000000, 0.000000, 0.000000,
       0.000000, 0.000000, 0.000000, 0.000000, 0.000000,
       0.000000, 2.190563E-06, 9.969713E-07, 0.000000, 0.000000,
       0.000000;
#
      SU1473(16) = # SOLAR absorbed
       0.000000, 0.000000, 0.000000, 0.000000, 0.000000,
       0.000000, 0.000000, 0.000000, 0.000000, 0.000000,
       0.000000, 0.000012, 5.469588E-06, 0.000000, 0.000000,
       0.000000;
#
      SU1474(16) = # SOLAR absorbed
       0.000000, 0.000000, 0.006028, 0.006830, 0.006071,
       0.000000, 0.000000, 0.000000, 0.000000, 0.000000,
       0.000000, 0.006324, 0.006863, 0.006194, 0.000000,
       0.000000;
#
      SU1475(16) = # SOLAR absorbed
       0.000000, 0.000000, 0.006028, 0.006831, 0.006078,
       0.000000, 0.000000, 0.000000, 0.000000, 0.000000,
       0.000000, 0.006331, 0.006865, 0.006194, 0.000000,
       0.000000;
#
      SU1476(16) = # SOLAR absorbed
       0.000000, 0.000000, 0.006028, 0.006832, 0.006079,
       0.000000, 0.000000, 0.000000, 0.000000, 0.000000,
       0.000000, 0.006332, 0.006866, 0.006194, 0.000000,
       0.000000;
#
      SU1477(16) = # SOLAR absorbed
       0.000000, 0.000000, 0.006027, 0.006827, 0.006058,
       0.000000, 0.000000, 0.000000, 0.000000, 0.000000,
       0.000000, 0.006311, 0.006858, 0.006194, 0.000000,
       0.000000;
#
      SU1478(16) = # SOLAR absorbed
       0.000000, 0.000000, 0.006028, 0.006823, 0.006044,
       0.000000, 0.000000, 0.000000, 0.000000, 0.000000,
       0.000000, 0.006297, 0.006851, 0.006194, 0.000000,
       0.000000;
#
      SU1479(16) = # SOLAR absorbed
       0.000000, 0.000000, 0.006027, 0.006818, 0.006035,
       0.000000, 0.000000, 0.000000, 0.000000, 0.000000,
       0.000000, 0.006288, 0.006845, 0.006193, 0.000000,
       0.000000;
#
      SU1480(16) = # SOLAR absorbed
       0.000000, 0.000000, 0.006027, 0.006813, 0.006026,
       0.000000, 0.000000, 0.000000, 0.000000, 0.000000,
       0.000000, 0.006278, 0.006839, 0.006193, 0.000000,
       0.000000;
#
      SU1481(16) = # SOLAR absorbed
       0.000000, 0.000000, 0.006027, 0.006816, 0.006029,
       0.000000, 0.000000, 0.000000, 0.000000, 0.000000,
       0.000000, 0.006282, 0.006842, 0.006193, 0.000000,
       0.000000;
#
      SU1482(16) = # SOLAR absorbed
       0.000000, 0.000000, 0.006027, 0.006818, 0.006033,
       0.000000, 0.000000, 0.000000, 0.000000, 0.000000,
       0.000000, 0.006286, 0.006844, 0.006193, 0.000000,
       0.000000;
#
      SU1483(16) = # SOLAR absorbed
       0.000000, 0.000000, 0.006027, 0.006823, 0.006051,
       0.000000, 0.000000, 0.000000, 0.000000, 0.000000,
       0.000000, 0.006304, 0.006853, 0.006193, 0.000000,
       0.000000;
#
      SU1484(16) = # SOLAR absorbed
       0.000000, 0.000000, 0.006029, 0.006816, 0.006022,
       0.000000, 0.000000, 0.000000, 0.000000, 0.000000,
       0.000000, 0.006275, 0.006841, 0.006196, 0.000000,
       0.000000;
#
      SU1485(16) = # SOLAR absorbed
       0.000000, 0.000000, 0.006027, 0.006814, 0.006029,
       0.000000, 0.000000, 0.000000, 0.000000, 0.000000,
       0.000000, 0.006282, 0.006841, 0.006192, 0.000000,
       0.000000;
#
      SU1527(16) = # SOLAR absorbed
       0.000000, 0.000000, 0.000000, 0.000000, 0.000000,
       0.000000, 0.000000, 0.000000, 0.000000, 0.000000,
       0.000000, 0.000028, 0.000012, 0.000000, 0.000000,
       0.000000;
#
      SU1528(16) = # SOLAR absorbed
       0.000000, 0.000000, 0.000000, 1.120087E-09, 1.862427E-09,
       0.000000, 0.000000, 0.000000, 0.000000, 0.000000,
       0.000000, 0.000000, 0.000000, 0.000000, 0.000000,
       0.000000;
#
      SU1529(16) = # SOLAR absorbed
       0.000000, 0.000000, 0.000000, 6.193951E-06, 0.000035,
       0.000000, 0.000000, 0.000000, 0.000000, 0.000000,
       0.000000, 0.000000, 0.000000, 0.000000, 0.000000,
       0.000000;
#
      SU1530(16) = # SOLAR absorbed
       0.000000, 0.000000, 0.006623, 0.027904, 0.025024,
       0.000000, 0.000000, 0.000000, 0.000000, 0.000000,
       0.000000, 0.026055, 0.028090, 0.009758, 0.000000,
       0.000000;
#
      SU1531(16) = # SOLAR absorbed
       0.000000, 0.000000, 0.006655, 0.027885, 0.024932,
       0.000000, 0.000000, 0.000000, 0.000000, 0.000000,
       0.000000, 0.025963, 0.028054, 0.009723, 0.000000,
       0.000000;
#
      SU1532(16) = # SOLAR absorbed
       0.000000, 0.000000, 0.006754, 0.027893, 0.024988,
       0.000000, 0.000000, 0.000000, 0.000000, 0.000000,
       0.000000, 0.026018, 0.028073, 0.009993, 0.000000,
       0.000000;
#
      SU1533(16) = # SOLAR absorbed
       0.000016, 0.000000, 0.000000, 0.000000, 0.000000,
       0.000000, 0.000000, 0.000000, 0.000000, 0.000000,
       0.000000, 0.009567, 0.005855, 0.000000, 0.000000,
       0.000016;
#
      SU1534(16) = # SOLAR absorbed
       7.763165E-06, 0.000000, 1.473261E-09, 5.111432E-07, 0.000000,
       0.000000, 0.000000, 0.000000, 0.000000, 0.000000,
       0.000000, 0.009594, 0.005867, 0.000000, 0.000000,
       7.763165E-06;
#
      SU1535(16) = # SOLAR absorbed
       0.000000, 0.000000, 0.000108, 0.000063, 0.000117,
       0.000000, 0.000000, 0.000000, 0.000000, 0.000000,
       0.000000, 0.009548, 0.005846, 1.254005E-07, 0.000000,
       0.000000;
#
      SU1536(16) = # SOLAR absorbed
       0.000000, 0.000000, 0.000000, 0.007053, 0.012104,
       0.000000, 0.000000, 0.000000, 0.000000, 0.000000,
       0.000000, 0.000000, 0.000000, 0.000000, 0.000000,
       0.000000;
#
      SU1537(16) = # SOLAR absorbed
       0.000000, 0.000000, 0.000000, 0.007052, 0.012098,
       0.000000, 0.000000, 0.000000, 0.000000, 0.000000,
       0.000000, 0.000000, 2.492428E-06, 5.962449E-09, 0.000000,
       0.000000;
#
      SU1538(16) = # SOLAR absorbed
       0.000000, 0.000000, 1.180417E-07, 0.007054, 0.012108,
       0.000000, 0.000000, 0.000000, 0.000000, 0.000000,
       0.000000, 0.000150, 0.000125, 0.000262, 0.000000,
       0.000000;
#
      SU1557(16) = # SOLAR absorbed
       4.052372E-06, 0.000000, 0.000000, 0.000000, 0.000000,
       0.000000, 0.000000, 0.000000, 0.000000, 0.000000,
       0.000000, 0.018981, 0.008630, 0.000000, 0.000000,
       4.052372E-06;
#
      SU1559(16) = # SOLAR absorbed
       0.000000, 0.000000, 0.000000, 0.005601, 0.019501,
       0.000000, 0.000000, 0.000000, 0.000000, 0.000000,
       0.000000, 0.000000, 0.000000, 7.453061E-09, 0.000000,
       0.000000;
#
      SU1560(16) = # SOLAR absorbed
       3.726319E-07, 0.000000, 7.366303E-08, 1.022286E-07, 0.000000,
       0.000000, 0.000000, 0.000000, 0.000000, 0.000000,
       0.000000, 0.018719, 0.008642, 0.000000, 0.000000,
       3.726319E-07;
#
      SU1562(16) = # SOLAR absorbed
       0.000000, 0.000000, 0.000000, 0.005539, 0.018700,
       0.000000, 0.000000, 0.000000, 0.000000, 0.000000,
       0.000000, 6.037506E-08, 0.000133, 1.132865E-07, 0.000000,
       0.000000;
#
      SU1563(16) = # SOLAR absorbed
       0.000000, 0.000000, 0.000407, 0.008806, 0.023135,
       0.000000, 0.000000, 0.000000, 0.000000, 0.000000,
       0.000000, 0.034468, 0.016870, 0.000574, 0.000000,
       0.000000;
#
      SU1564(16) = # SOLAR absorbed
       0.000000, 0.000000, 0.000493, 0.007251, 0.019672,
       0.000000, 0.000000, 0.000000, 0.000000, 0.000000,
       0.000000, 0.019758, 0.010346, 0.000712, 0.000000,
       0.000000;
#
      SU1565(16) = # SOLAR absorbed
       0.000000, 0.000000, 0.000393, 0.011301, 0.034695,
       0.000000, 0.000000, 0.000000, 0.000000, 0.000000,
       0.000000, 0.024175, 0.013654, 0.000592, 0.000000,
       0.000000;
#
      SU1566(16) = # SOLAR absorbed
       0.000000, 0.000000, 0.000000, 0.000000, 0.000000,
       0.000000, 0.000000, 0.000000, 0.000000, 0.000000,
       0.000000, 0.000076, 0.000029, 0.000000, 0.000000,
       0.000000;
#
      SU1568(16) = # SOLAR absorbed
       0.000000, 0.000000, 0.000000, 0.000021, 0.000101,
       0.000000, 0.000000, 0.000000, 0.000000, 0.000000,
       0.000000, 0.000000, 0.000000, 0.000000, 0.000000,
       0.000000;
#
      SU1569(16) = # SOLAR absorbed
       0.000000, 0.000000, 0.013028, 0.030862, 0.029063,
       0.000000, 0.000000, 0.000000, 0.000000, 0.000000,
       0.000000, 0.030183, 0.031388, 0.015703, 0.000000,
       0.000000;
#
      SU1570(16) = # SOLAR absorbed
       0.000000, 0.000000, 0.013689, 0.032002, 0.030084,
       0.000000, 0.000000, 0.000000, 0.000000, 0.000000,
       0.000000, 0.031247, 0.032536, 0.016313, 0.000000,
       0.000000;
#
      SU1571(16) = # SOLAR absorbed
       0.000000, 0.000000, 0.013722, 0.031685, 0.029736,
       0.000000, 0.000000, 0.000000, 0.000000, 0.000000,
       0.000000, 0.030888, 0.032202, 0.016428, 0.000000,
       0.000000;
#
      SU1572(16) = # SOLAR absorbed
       0.000047, 4.003302E-09, 0.000000, 0.000000, 0.000000,
       0.000000, 0.000000, 0.000000, 0.000000, 0.000000,
       0.000000, 0.012428, 0.007310, 0.000000, 0.000000,
       0.000047;
#
      SU1573(16) = # SOLAR absorbed
       7.763165E-06, 7.127394E-07, 3.691899E-07, 2.113176E-07, 7.546944E-07,
       0.000000, 0.000000, 0.000000, 0.000000, 0.000000,
       0.000000, 0.012386, 0.007287, 0.000000, 0.000000,
       7.763165E-06;
#
      SU1574(16) = # SOLAR absorbed
       7.763165E-06, 0.000000, 0.000359, 0.000156, 0.000317,
       0.000000, 0.000000, 0.000000, 0.000000, 0.000000,
       0.000000, 0.012478, 0.007344, 0.000000, 0.000000,
       7.763165E-06;
#
      SU1575(16) = # SOLAR absorbed
       0.000000, 0.000000, 0.000000, 0.008286, 0.015168,
       0.000000, 0.000000, 0.000000, 0.000000, 0.000000,
       0.000000, 0.000122, 0.000000, 0.000000, 0.000000,
       0.000000;
#
      SU1576(16) = # SOLAR absorbed
       0.000000, 0.000000, 0.000000, 0.008272, 0.015140,
       0.000000, 0.000000, 0.000000, 0.000000, 0.000000,
       0.000000, 0.000144, 0.000000, 6.036979E-09, 0.000000,
       0.000000;
#
      SU1577(16) = # SOLAR absorbed
       0.000000, 0.000000, 0.000000, 0.008319, 0.015177,
       0.000000, 0.000000, 0.000000, 0.000000, 0.000000,
       0.000000, 0.000466, 0.000265, 0.000583, 0.000000,
       0.000000;
#
      SU1824(16) = # SOLAR absorbed
       0.000955, 0.000000, 0.000000, 0.006295, 0.010859,
       0.000000, 0.000000, 0.000000, 0.000000, 0.000000,
       0.000000, 3.823754E-06, 1.740271E-06, 0.008371, 0.017376,
       0.000955;
#
      SU1825(16) = # SOLAR absorbed
       1.120362E-07, 0.000000, 0.000000, 0.004586, 0.007631,
       0.000000, 0.000000, 0.000000, 0.000000, 0.000000,
       0.000000, 0.000000, 0.000000, 0.005731, 0.011332,
       1.120362E-07;
#
      SU1826(16) = # SOLAR absorbed
       0.000000, 0.000000, 0.000000, 0.004463, 0.007427,
       0.000000, 0.000000, 0.000000, 0.000000, 0.000000,
       0.000000, 0.000000, 0.000000, 0.005584, 0.011043,
       0.000000;
#
      SU1827(16) = # SOLAR absorbed
       0.000000, 0.000000, 0.000000, 0.007866, 0.013091,
       0.000000, 0.000000, 0.000000, 0.000000, 0.000000,
       0.000000, 0.000022, 0.000015, 0.010375, 0.020527,
       0.000000;
#
      SU1828(16) = # SOLAR absorbed
       0.000859, 0.000000, 0.000000, 0.003662, 0.006868,
       0.000000, 0.000000, 0.000000, 0.000000, 0.000000,
       0.000000, 0.000000, 5.220813E-06, 0.005249, 0.011945,
       0.000859;
#
      SU1831(16) = # SOLAR absorbed
       1.867270E-08, 0.000000, 0.000000, 0.006825, 0.011361,
       0.000000, 0.000000, 0.000000, 0.000000, 0.000000,
       0.000000, 0.000045, 0.000024, 0.009043, 0.017903,
       1.867270E-08;
#
      SU1832(16) = # SOLAR absorbed
       0.000290, 0.000000, 0.000000, 0.003618, 0.006822,
       0.000000, 0.000000, 0.000000, 0.000000, 0.000000,
       0.000000, 0.000000, 5.220813E-06, 0.005144, 0.011666,
       0.000290;
#
      SU1835(16) = # SOLAR absorbed
       5.037019E-08, 0.000000, 3.641241E-06, 0.006821, 0.011437,
       0.000000, 0.000000, 0.000000, 0.000000, 0.000000,
       0.000000, 0.000173, 0.000098, 0.008966, 0.017722,
       5.037019E-08;
#
      SU1836(16) = # SOLAR absorbed
       1.317174E-06, 0.000000, 0.000000, 0.005128, 0.009767,
       0.000000, 0.000000, 0.000000, 0.000000, 0.000000,
       0.000000, 0.000000, 6.961084E-06, 0.001909, 0.003728,
       1.317174E-06;
#
      SU1837(16) = # SOLAR absorbed
       1.165046E-07, 0.000000, 0.000000, 0.001753, 0.003128,
       0.000000, 0.000000, 0.000000, 0.000000, 0.000000,
       0.000000, 0.000000, 0.000011, 5.690660E-06, 0.000013,
       1.165046E-07;
#
      SU1838(16) = # SOLAR absorbed
       0.000000, 0.000000, 0.000000, 0.001744, 0.003161,
       0.000000, 0.000000, 0.000000, 0.000000, 0.000000,
       0.000000, 0.000045, 0.000068, 0.000013, 0.000018,
       0.000000;
#
      SU1839(16) = # SOLAR absorbed
       3.135170E-08, 3.486209E-08, 0.000012, 0.007934, 0.014133,
       0.000000, 0.000000, 0.000000, 0.000000, 0.000000,
       0.000000, 0.001200, 0.000676, 0.006484, 0.005508,
       3.135170E-08;
#
      SU1856(16) = # SOLAR absorbed
       0.000000, 0.000000, 0.000000, 0.000706, 0.002373,
       0.000000, 0.000000, 0.000000, 0.000000, 0.000000,
       0.000000, 0.000282, 0.000000, 0.000000, 0.000000,
       0.000000;
#
      SU1857(16) = # SOLAR absorbed
       0.000000, 0.000000, 0.000000, 0.000710, 0.002381,
       0.000000, 0.000000, 0.000000, 0.000000, 0.000000,
       0.000000, 0.000278, 0.000000, 3.540204E-09, 0.000000,
       0.000000;
#
      SU1858(16) = # SOLAR absorbed
       0.000000, 0.000000, 0.000000, 0.000711, 0.002380,
       0.000000, 0.000000, 0.000000, 0.000000, 0.000000,
       0.000000, 0.000339, 1.631504E-08, 2.655153E-08, 0.000000,
       0.000000;
#
      SU1859(16) = # SOLAR absorbed
       0.000000, 0.000000, 2.971218E-06, 0.000702, 0.002361,
       0.000000, 0.000000, 0.000000, 0.000000, 0.000000,
       0.000000, 0.001065, 0.000596, 8.689036E-06, 0.000000,
       0.000000;
#
      SU1868(16) = # SOLAR absorbed
       0.000000, 0.000783, 0.005366, 0.006051, 0.005304,
       0.000000, 0.000000, 0.000000, 0.000000, 0.000000,
       0.000000, 0.005529, 0.006063, 0.005513, 0.001208,
       0.000000;
#
      SU1869(16) = # SOLAR absorbed
       0.000000, 0.000710, 0.005366, 0.006046, 0.005300,
       0.000000, 0.000000, 0.000000, 0.000000, 0.000000,
       0.000000, 0.005525, 0.006058, 0.005513, 0.001208,
       0.000000;
#
      SU1870(16) = # SOLAR absorbed
       0.000000, 0.000000, 0.005374, 0.006063, 0.005321,
       0.000000, 0.000000, 0.000000, 0.000000, 0.000000,
       0.000000, 0.005546, 0.006077, 0.005521, 0.001208,
       0.000000;
#
      SU1871(16) = # SOLAR absorbed
       0.000000, 1.026847E-07, 0.004611, 0.006308, 0.005767,
       0.000000, 0.000000, 0.000000, 0.000000, 0.000000,
       0.000000, 0.005991, 0.006369, 0.004897, 0.000259,
       0.000000;
#
      SU1888(16) = # SOLAR absorbed
       0.000000, 0.002762, 0.023744, 0.027155, 0.023811,
       0.000000, 0.000000, 0.000000, 0.000000, 0.000000,
       0.000000, 0.024656, 0.027105, 0.024593, 0.005107,
       0.000000;
#
      SU1889(16) = # SOLAR absorbed
       0.000000, 0.001642, 0.016013, 0.018528, 0.016250,
       0.000000, 0.000000, 0.000000, 0.000000, 0.000000,
       0.000000, 0.016939, 0.018567, 0.016522, 0.002980,
       0.000000;
#
      SU1890(16) = # SOLAR absorbed
       0.000000, 0.001634, 0.015700, 0.018083, 0.015860,
       0.000000, 0.000000, 0.000000, 0.000000, 0.000000,
       0.000000, 0.016533, 0.018121, 0.016180, 0.002942,
       0.000000;
#
      SU1891(16) = # SOLAR absorbed
       0.000000, 0.003961, 0.028051, 0.031609, 0.027645,
       0.000000, 0.000000, 0.000000, 0.000000, 0.000000,
       0.000000, 0.028969, 0.031756, 0.028717, 0.005807,
       0.000000;
#
      SU1892(16) = # SOLAR absorbed
       0.000000, 0.001606, 0.015661, 0.018005, 0.015789,
       0.000000, 0.000000, 0.000000, 0.000000, 0.000000,
       0.000000, 0.016146, 0.017880, 0.016417, 0.003614,
       0.000000;
#
      SU1895(16) = # SOLAR absorbed
       0.000000, 0.003543, 0.024193, 0.027064, 0.023538,
       0.000000, 0.000000, 0.000000, 0.000000, 0.000000,
       0.000000, 0.024928, 0.027320, 0.024559, 0.004826,
       0.000000;
#
      SU1896(16) = # SOLAR absorbed
       0.000000, 5.704706E-09, 0.015495, 0.017849, 0.015669,
       0.000000, 0.000000, 0.000000, 0.000000, 0.000000,
       0.000000, 0.016000, 0.017718, 0.016272, 0.002960,
       0.000000;
#
      SU1899(16) = # SOLAR absorbed
       0.000000, 0.002554, 0.024166, 0.026969, 0.023524,
       0.000000, 0.000000, 0.000000, 0.000000, 0.000000,
       0.000000, 0.024977, 0.027327, 0.024465, 0.003321,
       0.000000;
#
      SU1900(16) = # SOLAR absorbed
       0.000000, 1.014170E-06, 0.013388, 0.022078, 0.020067,
       0.000000, 0.000000, 0.000000, 0.000000, 0.000000,
       0.000000, 0.020651, 0.022153, 0.014815, 0.000042,
       0.000000;
#
      SU1901(16) = # SOLAR absorbed
       0.000000, 3.058451E-07, 0.000326, 0.006614, 0.006092,
       0.000000, 0.000000, 0.000000, 0.000000, 0.000000,
       0.000000, 0.006328, 0.006686, 0.001194, 1.410389E-06,
       0.000000;
#
      SU1902(16) = # SOLAR absorbed
       0.000000, 1.630281E-07, 0.000317, 0.006667, 0.006131,
       0.000000, 0.000000, 0.000000, 0.000000, 0.000000,
       0.000000, 0.006369, 0.006738, 0.001305, 5.511011E-07,
       0.000000;
#
      SU1903(16) = # SOLAR absorbed
       0.000000, 0.000115, 0.020973, 0.030107, 0.026989,
       0.000000, 0.000000, 0.000000, 0.000000, 0.000000,
       0.000000, 0.028518, 0.030604, 0.022155, 7.241780E-06,
       0.000000;
#
      SU1911(16) = # SOLAR absorbed
       0.000000, 9.813818E-07, 0.000000, 0.000000, 0.000000,
       0.000000, 0.000000, 0.000000, 0.000000, 0.000000,
       0.000000, 0.000000, 0.000000, 0.000000, 0.000000,
       0.000000;
#
      SU1915(16) = # SOLAR absorbed
       0.000000, 2.478819E-06, 8.555304E-09, 0.000000, 0.000000,
       0.000000, 0.000000, 0.000000, 0.000000, 0.000000,
       0.000000, 7.293972E-09, 7.997733E-09, 0.000000, 0.000000,
       0.000000;
#
      SU1920(16) = # SOLAR absorbed
       0.000000, 0.000000, 0.000098, 0.000937, 0.002514,
       0.000000, 0.000000, 0.000000, 0.000000, 0.000000,
       0.000000, 0.002526, 0.001331, 0.000127, 0.000000,
       0.000000;
#
      SU1921(16) = # SOLAR absorbed
       0.000000, 0.000000, 0.000093, 0.000939, 0.002516,
       0.000000, 0.000000, 0.000000, 0.000000, 0.000000,
       0.000000, 0.002527, 0.001333, 0.000124, 0.000000,
       0.000000;
#
      SU1922(16) = # SOLAR absorbed
       0.000000, 0.000000, 0.000105, 0.000947, 0.002524,
       0.000000, 0.000000, 0.000000, 0.000000, 0.000000,
       0.000000, 0.002536, 0.001341, 0.000133, 0.000000,
       0.000000;
#
      SU1923(16) = # SOLAR absorbed
       0.000000, 0.000000, 0.000075, 0.000897, 0.002477,
       0.000000, 0.000000, 0.000000, 0.000000, 0.000000,
       0.000000, 0.002490, 0.001292, 0.000098, 0.000000,
       0.000000;
#
      SU1932(16) = # SOLAR absorbed
       0.000000, 0.003803, 0.001992, 0.000026, 0.000023,
       0.000000, 0.000000, 0.000000, 0.000000, 0.000000,
       0.000000, 0.001963, 0.001237, 0.000024, 2.629997E-06,
       0.000000;
#
      SU1933(16) = # SOLAR absorbed
       0.000000, 0.003886, 0.002333, 0.000321, 0.000222,
       0.000000, 0.000000, 0.000000, 0.000000, 0.000000,
       0.000000, 0.002313, 0.001612, 0.000249, 3.506663E-06,
       0.000000;
#
      SU1934(16) = # SOLAR absorbed
       0.000000, 0.003903, 0.002391, 0.000366, 0.000287,
       0.000000, 0.000000, 0.000000, 0.000000, 0.000000,
       0.000000, 0.002416, 0.001694, 0.000289, 2.629997E-06,
       0.000000;
#
      SU1935(16) = # SOLAR absorbed
       0.000000, 0.000980, 0.001626, 0.000124, 0.000333,
       0.000000, 0.000000, 0.000000, 0.000000, 0.000000,
       0.000000, 0.002395, 0.001441, 0.000017, 2.463431E-06,
       0.000000;
#
      SU1952(16) = # SOLAR absorbed
       0.000070, 0.015427, 0.008650, 7.157468E-06, 0.000019,
       0.000000, 0.000000, 0.000000, 0.000000, 0.000000,
       0.000000, 0.008743, 0.005456, 0.000000, 0.000000,
       0.000070;
#
      SU1953(16) = # SOLAR absorbed
       0.000072, 0.010515, 0.005444, 1.070676E-06, 0.000000,
       0.000000, 0.000000, 0.000000, 0.000000, 0.000000,
       0.000000, 0.005749, 0.003584, 0.000000, 0.000000,
       0.000072;
#
      SU1954(16) = # SOLAR absorbed
       0.000059, 0.010664, 0.005496, 0.000000, 0.000000,
       0.000000, 0.000000, 0.000000, 0.000000, 0.000000,
       0.000000, 0.005812, 0.003625, 0.000000, 0.000000,
       0.000059;
#
      SU1955(16) = # SOLAR absorbed
       0.000136, 0.019700, 0.006755, 1.148728E-06, 0.000000,
       0.000000, 0.000000, 0.000000, 0.000000, 0.000000,
       0.000000, 0.009802, 0.005946, 0.000000, 0.000000,
       0.000136;
#
      SU1956(16) = # SOLAR absorbed
       0.000079, 0.010298, 0.004398, 0.000022, 0.000037,
       0.000000, 0.000000, 0.000000, 0.000000, 0.000000,
       0.000000, 0.005570, 0.003286, 0.000000, 0.000000,
       0.000079;
#
      SU1959(16) = # SOLAR absorbed
       0.000081, 0.016908, 0.008060, 2.141352E-06, 0.000000,
       0.000000, 0.000000, 0.000000, 0.000000, 0.000000,
       0.000000, 0.007946, 0.004559, 0.000000, 0.000000,
       0.000081;
#
      SU1960(16) = # SOLAR absorbed
       0.000093, 0.011466, 0.005666, 0.000041, 0.000091,
       0.000000, 0.000000, 0.000000, 0.000000, 0.000000,
       0.000000, 0.004621, 0.003067, 6.532363E-06, 7.926690E-08,
       0.000093;
#
      SU1963(16) = # SOLAR absorbed
       0.000116, 0.017051, 0.008103, 3.881200E-06, 6.213650E-06,
       0.000000, 0.000000, 0.000000, 0.000000, 0.000000,
       0.000000, 0.008149, 0.003102, 0.000000, 0.000000,
       0.000116;
#
      SU1964(16) = # SOLAR absorbed
       0.000057, 0.002907, 0.004002, 0.000272, 0.000596,
       0.000000, 0.000000, 0.000000, 0.000000, 0.000000,
       0.000000, 0.008522, 0.005106, 2.661471E-06, 1.076464E-07,
       0.000057;
#
      SU1965(16) = # SOLAR absorbed
       0.000036, 9.702015E-06, 6.874571E-06, 0.000015, 6.213650E-06,
       0.000000, 0.000000, 0.000000, 0.000000, 0.000000,
       0.000000, 0.002622, 0.001543, 0.000000, 0.000000,
       0.000036;
#
      SU1966(16) = # SOLAR absorbed
       0.000018, 0.000012, 6.604242E-06, 0.000000, 0.000000,
       0.000000, 0.000000, 0.000000, 0.000000, 0.000000,
       0.000000, 0.002601, 0.001543, 0.000000, 0.000000,
       0.000018;
#
      SU1967(16) = # SOLAR absorbed
       0.000106, 0.004292, 0.002029, 7.489477E-07, 0.000000,
       0.000000, 0.000000, 0.000000, 0.000000, 0.000000,
       0.000000, 0.007921, 0.006023, 0.000000, 0.000000,
       0.000106;
#
      SU1984(16) = # SOLAR absorbed
       0.000000, 0.000000, 1.878083E-06, 0.000213, 0.000401,
       0.000000, 0.000000, 0.000000, 0.000000, 0.000000,
       0.000000, 0.002344, 0.001084, 0.000000, 0.000000,
       0.000000;
#
      SU1985(16) = # SOLAR absorbed
       0.000000, 0.000000, 5.248491E-09, 1.003759E-08, 0.000000,
       0.000000, 0.000000, 0.000000, 0.000000, 0.000000,
       0.000000, 0.002354, 0.001090, 0.000000, 0.000000,
       0.000000;
#
      SU1986(16) = # SOLAR absorbed
       0.000000, 0.000000, 0.000000, 0.000000, 0.000000,
       0.000000, 0.000000, 0.000000, 0.000000, 0.000000,
       0.000000, 0.002350, 0.001087, 0.000000, 0.000000,
       0.000000;
#
      SU1987(16) = # SOLAR absorbed
       3.687503E-07, 1.901569E-10, 0.000000, 0.000000, 0.000000,
       0.000000, 0.000000, 0.000000, 0.000000, 0.000000,
       0.000000, 0.002327, 0.001074, 0.000000, 0.000000,
       3.687503E-07;
#
      SU1996(16) = # SOLAR absorbed
       0.002541, 0.000000, 0.000000, 0.000000, 0.000000,
       0.000000, 0.000000, 0.000000, 0.000000, 0.000000,
       0.000000, 0.000000, 0.000000, 0.000000, 0.000000,
       0.002541;
#
      SU1997(16) = # SOLAR absorbed
       0.002541, 0.000000, 0.000000, 0.000000, 0.000000,
       0.000000, 0.000000, 0.000000, 0.000000, 0.000000,
       0.000000, 0.000012, 5.655880E-06, 0.000000, 0.000000,
       0.002541;
#
      SU1998(16) = # SOLAR absorbed
       0.002541, 0.000000, 0.000000, 0.000000, 0.000000,
       0.000000, 0.000000, 0.000000, 0.000000, 0.000000,
       0.000000, 6.976447E-06, 3.304061E-06, 0.000000, 0.000000,
       0.002541;
#
      SU1999(16) = # SOLAR absorbed
       0.000643, 1.665680E-06, 8.667556E-07, 0.000000, 0.000000,
       0.000000, 0.000000, 0.000000, 0.000000, 0.000000,
       0.000000, 0.000086, 0.000029, 0.000000, 0.000000,
       0.000643;
#
      SU2016(16) = # SOLAR absorbed
       0.011069, 0.000000, 0.000000, 0.000000, 0.000000,
       0.000000, 0.000000, 0.000000, 0.000000, 0.000000,
       0.000000, 0.000000, 0.000000, 0.000000, 0.000000,
       0.011069;
#
      SU2017(16) = # SOLAR absorbed
       0.006674, 0.000000, 0.000000, 0.000000, 0.000000,
       0.000000, 0.000000, 0.000000, 0.000000, 0.000000,
       0.000000, 0.000000, 0.000000, 0.000000, 0.000000,
       0.006674;
#
      SU2018(16) = # SOLAR absorbed
       0.006728, 0.000000, 0.000000, 0.000000, 0.000000,
       0.000000, 0.000000, 0.000000, 0.000000, 0.000000,
       0.000000, 0.000000, 0.000000, 0.000000, 0.000000,
       0.006728;
#
      SU2019(16) = # SOLAR absorbed
       0.013151, 0.000000, 0.000000, 1.739848E-06, 6.213650E-06,
       0.000000, 0.000000, 0.000000, 0.000000, 0.000000,
       0.000000, 0.000000, 0.000000, 0.000000, 0.000000,
       0.013151;
#
      SU2020(16) = # SOLAR absorbed
       0.007588, 0.000000, 0.000000, 0.000000, 0.000000,
       0.000000, 0.000000, 0.000000, 0.000000, 0.000000,
       0.000000, 0.000000, 0.000000, 0.000000, 0.000000,
       0.007588;
#
      SU2023(16) = # SOLAR absorbed
       0.011345, 0.000000, 0.000000, 9.817659E-08, 1.632434E-07,
       0.000000, 0.000000, 0.000000, 0.000000, 0.000000,
       0.000000, 0.000000, 0.000000, 0.000000, 0.000000,
       0.011345;
#
      SU2024(16) = # SOLAR absorbed
       0.007666, 0.000000, 0.000000, 0.000000, 0.000000,
       0.000000, 0.000000, 0.000000, 0.000000, 0.000000,
       0.000000, 6.772824E-06, 3.082455E-06, 0.000000, 0.000000,
       0.007666;
#
      SU2027(16) = # SOLAR absorbed
       0.011455, 0.000000, 0.000000, 4.854169E-06, 0.000021,
       0.000000, 0.000000, 0.000000, 0.000000, 0.000000,
       0.000000, 0.000000, 0.000000, 9.145740E-07, 1.815418E-06,
       0.011455;
#
      SU2028(16) = # SOLAR absorbed
       0.001885, 1.692756E-07, 8.768260E-08, 0.000000, 0.000000,
       0.000000, 0.000000, 0.000000, 0.000000, 0.000000,
       0.000000, 0.000063, 0.000019, 0.000000, 0.000000,
       0.001885;
#
      SU2029(16) = # SOLAR absorbed
       5.023400E-06, 0.000000, 0.000000, 0.000000, 0.000000,
       0.000000, 0.000000, 0.000000, 0.000000, 0.000000,
       0.000000, 0.000000, 0.000000, 0.000000, 0.000000,
       5.023400E-06;
#
      SU2030(16) = # SOLAR absorbed
       6.605945E-06, 0.000000, 0.000000, 0.000000, 0.000000,
       0.000000, 0.000000, 0.000000, 0.000000, 0.000000,
       0.000000, 0.000000, 0.000000, 0.000000, 0.000000,
       6.605945E-06;
#
      SU2031(16) = # SOLAR absorbed
       0.003009, 0.000000, 0.000000, 0.000046, 0.000175,
       0.000000, 0.000000, 0.000000, 0.000000, 0.000000,
       0.000000, 0.000000, 0.000000, 1.395250E-06, 2.769552E-06,
       0.003009;
#
      SU2048(16) = # SOLAR absorbed
       0.000000, 0.000000, 0.000000, 0.000000, 0.000000,
       0.000000, 0.000000, 0.000000, 0.000000, 0.000000,
       0.000000, 0.000066, 0.000016, 0.000000, 0.000000,
       0.000000;
#
      SU2051(16) = # SOLAR absorbed
       0.000000, 0.000000, 0.000000, 0.000119, 0.000461,
       0.000000, 0.000000, 0.000000, 0.000000, 0.000000,
       0.000000, 0.000048, 0.000000, 0.000000, 0.000000,
       0.000000;
#
      SU2060(16) = # SOLAR absorbed
       0.000285, 0.000000, 0.000000, 0.001498, 0.002494,
       0.000000, 0.000000, 0.000000, 0.000000, 0.000000,
       0.000000, 0.000000, 0.000000, 0.001991, 0.003953,
       0.000285;
#
      SU2061(16) = # SOLAR absorbed
       0.000285, 0.000000, 0.000000, 0.001500, 0.002501,
       0.000000, 0.000000, 0.000000, 0.000000, 0.000000,
       0.000000, 0.000000, 1.740271E-06, 0.001992, 0.003953,
       0.000285;
#
      SU2062(16) = # SOLAR absorbed
       0.000279, 0.000000, 0.000000, 0.001511, 0.002536,
       0.000000, 0.000000, 0.000000, 0.000000, 0.000000,
       0.000000, 0.000000, 0.000000, 0.001994, 0.003957,
       0.000279;
#
      SU2063(16) = # SOLAR absorbed
       0.000024, 0.000000, 0.000000, 0.001654, 0.002958,
       0.000000, 0.000000, 0.000000, 0.000000, 0.000000,
       0.000000, 0.000000, 0.000000, 0.000715, 0.001221,
       0.000024;
#
      SU2080(16) = # SOLAR absorbed
       0.021713, 0.024093, 0.013581, 0.000105, 0.000041,
       0.000000, 0.000000, 0.000000, 0.000000, 0.000000,
       0.000000, 1.741385E-08, 1.086863E-08, 0.011521, 0.020674,
       0.021713;
#
      SU2081(16) = # SOLAR absorbed
       0.049555, 0.042617, 0.022218, 0.000058, 0.000023,
       0.000000, 0.000000, 0.000000, 0.000000, 0.000000,
       0.000000, 3.609718E-08, 2.305779E-08, 0.019142, 0.040809,
       0.049555;
#
      SU2082(16) = # SOLAR absorbed
       0.049587, 0.042598, 0.015480, 7.735800E-06, 2.831437E-06,
       0.000000, 0.000000, 0.000000, 0.000000, 0.000000,
       0.000000, 1.434170E-07, 1.013586E-07, 0.009958, 0.040781,
       0.049587;
#
      SU2083(16) = # SOLAR absorbed
       0.028982, 0.023458, 0.006372, 0.000086, 0.000050,
       0.000000, 0.000000, 0.000000, 0.000000, 0.000000,
       0.000000, 0.000062, 0.000086, 0.004191, 0.017951,
       0.028982;
#
      SU2084(16) = # SOLAR absorbed
       0.035827, 0.029519, 0.013249, 7.835887E-07, 9.983989E-08,
       0.000000, 0.000000, 0.000000, 0.000000, 0.000000,
       0.000000, 1.741385E-08, 1.086863E-08, 0.011450, 0.026236,
       0.035827;
#
      SU2085(16) = # SOLAR absorbed
       0.001947, 0.000166, 0.000092, 2.087512E-06, 9.509124E-07,
       0.000000, 0.000000, 0.000000, 0.000000, 0.000000,
       0.000000, 0.000000, 1.515157E-09, 0.001157, 0.002374,
       0.001947;
#
      SU2086(16) = # SOLAR absorbed
       0.001848, 0.000170, 0.000090, 8.083583E-07, 3.993596E-07,
       0.000000, 0.000000, 0.000000, 0.000000, 0.000000,
       0.000000, 1.700149E-07, 1.519640E-07, 0.000357, 0.002241,
       0.001848;
#
      SU2087(16) = # SOLAR absorbed
       0.036692, 0.032519, 0.018256, 9.996782E-07, 5.861749E-07,
       0.000000, 0.000000, 0.000000, 0.000000, 0.000000,
       0.000000, 0.000022, 0.000016, 0.015760, 0.028725,
       0.036692;
#
      SU2088(16) = # SOLAR absorbed
       0.035431, 0.029547, 0.013261, 0.000000, 0.000000,
       0.000000, 0.000000, 0.000000, 0.000000, 0.000000,
       0.000000, 0.000000, 0.000000, 0.011024, 0.028057,
       0.035431;
#
      SU2089(16) = # SOLAR absorbed
       1.862061E-06, 1.672665E-06, 5.227774E-07, 0.000000, 0.000000,
       0.000000, 0.000000, 0.000000, 0.000000, 0.000000,
       0.000000, 0.000000, 0.000000, 3.179788E-07, 1.318094E-06,
       1.862061E-06;
#
      SU2090(16) = # SOLAR absorbed
       1.910037E-06, 1.691822E-06, 1.637035E-06, 0.000000, 0.000000,
       0.000000, 0.000000, 0.000000, 0.000000, 0.000000,
       0.000000, 1.269470E-09, 7.923229E-10, 1.438864E-06, 1.616629E-06,
       1.910037E-06;
#
      SU2091(16) = # SOLAR absorbed
       0.037043, 0.032916, 0.018355, 1.315418E-07, 0.000000,
       0.000000, 0.000000, 0.000000, 0.000000, 0.000000,
       0.000000, 1.930632E-06, 1.263022E-06, 0.016021, 0.031619,
       0.037043;
#
      SU2092(16) = # SOLAR absorbed
       0.042030, 0.035971, 0.017621, 0.000000, 0.000000,
       0.000000, 0.000000, 0.000000, 0.000000, 0.000000,
       0.000000, 0.000000, 0.000000, 0.014483, 0.033621,
       0.042030;
#
      SU2093(16) = # SOLAR absorbed
       0.022771, 0.020418, 0.010604, 0.000000, 0.000000,
       0.000000, 0.000000, 0.000000, 0.000000, 0.000000,
       0.000000, 0.000000, 0.000000, 0.008042, 0.017324,
       0.022771;
#
      SU2094(16) = # SOLAR absorbed
       0.023091, 0.020712, 0.010757, 0.000000, 0.000000,
       0.000000, 0.000000, 0.000000, 0.000000, 0.000000,
       0.000000, 0.000000, 0.000000, 0.008199, 0.017708,
       0.023091;
#
      SU2095(16) = # SOLAR absorbed
       0.042654, 0.037470, 0.020023, 0.000000, 0.000000,
       0.000000, 0.000000, 0.000000, 0.000000, 0.000000,
       0.000000, 3.669604E-07, 2.406944E-07, 0.017183, 0.035419,
       0.042654;
#
      SU2112(16) = # SOLAR absorbed
       0.000247, 0.000000, 0.000000, 0.001297, 0.002156,
       0.000000, 0.000000, 0.000000, 0.000000, 0.000000,
       0.000000, 0.000000, 0.000000, 0.001726, 0.003426,
       0.000247;
#
      SU2113(16) = # SOLAR absorbed
       0.000247, 0.000000, 0.000000, 0.001297, 0.002156,
       0.000000, 0.000000, 0.000000, 0.000000, 0.000000,
       0.000000, 0.000000, 0.000000, 0.001726, 0.003426,
       0.000247;
#
      SU2114(16) = # SOLAR absorbed
       0.000247, 0.000000, 0.000000, 0.001297, 0.002156,
       0.000000, 0.000000, 0.000000, 0.000000, 0.000000,
       0.000000, 0.000000, 0.000000, 0.001726, 0.003426,
       0.000247;
#
      SU2115(16) = # SOLAR absorbed
       0.000247, 0.000000, 0.000000, 0.001297, 0.002156,
       0.000000, 0.000000, 0.000000, 0.000000, 0.000000,
       0.000000, 0.000000, 0.000000, 0.001726, 0.003426,
       0.000247;
#
      SU2116(16) = # SOLAR absorbed
       5.531255E-06, 0.003293, 0.001706, 0.000000, 0.000000,
       0.000000, 0.000000, 0.000000, 0.000000, 0.000000,
       0.000000, 0.001680, 0.001048, 0.000000, 0.000000,
       5.531255E-06;
#
      SU2117(16) = # SOLAR absorbed
       0.000030, 0.003295, 0.001706, 0.000000, 0.000000,
       0.000000, 0.000000, 0.000000, 0.000000, 0.000000,
       0.000000, 0.001686, 0.001051, 0.000000, 0.000000,
       0.000030;
#
      SU2118(16) = # SOLAR absorbed
       9.218758E-06, 0.003295, 0.001707, 0.000000, 0.000000,
       0.000000, 0.000000, 0.000000, 0.000000, 0.000000,
       0.000000, 0.001680, 0.001049, 0.000000, 0.000000,
       9.218758E-06;
#
      SU2119(16) = # SOLAR absorbed
       0.000013, 0.003294, 0.001710, 4.387135E-06, 3.845814E-06,
       0.000000, 0.000000, 0.000000, 0.000000, 0.000000,
       0.000000, 0.001684, 0.001053, 4.000393E-06, 8.766658E-07,
       0.000013;
#
      SU2120(16) = # SOLAR absorbed
       0.004679, 0.001202, 2.934853E-08, 0.000000, 0.000000,
       0.000000, 0.000000, 0.000000, 0.000000, 0.000000,
       0.000000, 0.000000, 0.000000, 0.000025, 0.000842,
       0.004679;
#
      SU2121(16) = # SOLAR absorbed
       0.004682, 0.001389, 3.587810E-07, 0.000000, 0.000000,
       0.000000, 0.000000, 0.000000, 0.000000, 0.000000,
       0.000000, 0.000000, 0.000000, 7.488862E-08, 0.000998,
       0.004682;
#
      SU2122(16) = # SOLAR absorbed
       0.004688, 0.001228, 9.535623E-08, 0.000000, 0.000000,
       0.000000, 0.000000, 0.000000, 0.000000, 0.000000,
       0.000000, 0.000000, 0.000000, 0.000000, 0.001042,
       0.004688;
#
      SU2123(16) = # SOLAR absorbed
       0.004624, 0.001235, 7.192312E-06, 0.000000, 0.000000,
       0.000000, 0.000000, 0.000000, 0.000000, 0.000000,
       0.000000, 0.000000, 0.000000, 0.000000, 0.000985,
       0.004624;
#
      SU2124(16) = # SOLAR absorbed
       0.000176, 0.002241, 0.006781, 0.005567, 0.001495,
       0.000000, 0.000000, 0.000000, 0.000000, 0.000000,
       0.000000, 0.001533, 0.004737, 0.006849, 0.002664,
       0.000176;
#
      SU2125(16) = # SOLAR absorbed
       0.000850, 0.002559, 0.006977, 0.005517, 0.001303,
       0.000000, 0.000000, 0.000000, 0.000000, 0.000000,
       0.000000, 0.001569, 0.004717, 0.007023, 0.002972,
       0.000850;
#
      SU2126(16) = # SOLAR absorbed
       0.000860, 0.002367, 0.006865, 0.005533, 0.001271,
       0.000000, 0.000000, 0.000000, 0.000000, 0.000000,
       0.000000, 0.001520, 0.004725, 0.006925, 0.002787,
       0.000860;
#
      SU2127(16) = # SOLAR absorbed
       0.000781, 0.002498, 0.006957, 0.005533, 0.001299,
       0.000000, 0.000000, 0.000000, 0.000000, 0.000000,
       0.000000, 0.001715, 0.004730, 0.007008, 0.002914,
       0.000781;
#
      SU2128(16) = # SOLAR absorbed
       0.015931, 0.008770, 0.042586, 0.046147, 0.039968,
       0.000000, 0.000000, 0.000000, 0.000000, 0.000000,
       0.000000, 0.044279, 0.047732, 0.041778, 0.005615,
       0.015931;
#
      SU2129(16) = # SOLAR absorbed
       0.022766, 0.007431, 0.048272, 0.054167, 0.047486,
       0.000000, 0.000000, 0.000000, 0.000000, 0.000000,
       0.000000, 0.049769, 0.054425, 0.049388, 0.010823,
       0.022766;
#
#
    $REAL
